211304	866888020240157	14 2017 2 12:01:40	4 2016 11 04:40:20	114.37798698047433	30.58297510371803	32	64	0	16	0	100	460	0	28730	20736	68	14 2017 2 12:01:36	460029714576337	2	;20170214120136		1
211293	866888020240157	14 2017 2 12:00:30	4 2016 11 04:39:13	114.3735433232552	30.57569188088773	54	26	0	16	0	100	460	0	28730	20736	68	14 2017 2 12:00:25	460029714576337	2	;20170214120025		1
211283	866888020240157	14 2017 2 11:59:20	4 2016 11 04:38:03	114.36824966494477	30.57532445596296	55	102	0	16	0	100	460	0	28730	20736	67	14 2017 2 11:59:15	460029714576337	2	;20170214115915		1
211273	866888020240157	14 2017 2 11:58:08	4 2016 11 04:36:52	114.35816012386667	30.578931982798924	60	130	0	16	0	100	460	0	28730	20736	68	14 2017 2 11:58:04	460029714576337	2	;20170214115804		1
211255	866888020240157	14 2017 2 11:56:18	4 2016 11 04:35:04	114.34353898070326	30.59003807842511	74	130	0	16	0	100	460	0	28730	20736	68	14 2017 2 11:56:15	460029714576337	2	;20170214115615		1
211245	866888020240157	14 2017 2 11:55:09	4 2016 11 04:33:53	114.3345529818306	30.59684668905299	47	130	0	16	0	100	460	0	28730	20736	68	14 2017 2 11:55:05	460029714576337	2	;20170214115505		1
211235	866888020240157	14 2017 2 11:53:59	4 2016 11 04:32:43	114.32570614776105	30.60269216174467	58	126	0	16	0	100	460	0	28730	20736	67	14 2017 2 11:53:55	460029714576337	2	;20170214115355		1
211226	866888020240157	14 2017 2 11:52:49	4 2016 11 04:31:33	114.3174467908323	30.608034001187335	50	126	0	16	0	100	460	0	28730	20736	68	14 2017 2 11:52:45	460029714576337	2	;20170214115245		1
211214	866888020240157	14 2017 2 11:51:39	4 2016 11 04:30:24	114.30886690993232	30.611764507284917	48	46	0	16	0	100	460	0	28730	20736	68	14 2017 2 11:51:35	460029714576337	2	;20170214115135		1
211199	866888020240157	14 2017 2 11:50:16	4 2016 11 04:28:59	114.30402121343603	30.606010277707238	50	30	0	16	0	100	460	0	28730	20736	67	14 2017 2 11:50:12	460029714576337	2	;20170214115012		0
211187	866888020240157	14 2017 2 11:49:05	4 2016 11 04:27:47	114.29639400555459	30.597754597142952	55	42	0	16	0	100	460	0	28730	20736	66	14 2017 2 11:49:01	460029714576337	2	;20170214114901		1
211175	866888020240157	14 2017 2 11:47:55	4 2016 11 04:26:40	114.29387918663159	30.593112340164648	0	78	0	16	0	100	460	0	28730	20736	68	14 2017 2 11:47:51	460029714576337	2	;20170214114751		1
211162	866888020240157	14 2017 2 11:46:45	4 2016 11 04:25:25	114.29403727896174	30.592488309065867	16	-184	0	16	0	100	460	0	28730	20736	67	14 2017 2 11:46:41	460029714576337	2	;20170214114641		1
211148	866888020240157	14 2017 2 11:45:33	4 2016 11 04:24:15	114.29492396181834	30.590729825820667	1	-252	0	16	0	100	460	0	28730	20736	67	14 2017 2 11:45:29	460029714576337	2	;20170214114529		1
211135	866888020240157	14 2017 2 11:44:19	4 2016 11 04:23:02	114.29497697718172	30.59031973966454	4	-170	0	16	0	100	460	0	28730	20736	67	14 2017 2 11:44:16	460029714576337	2	;20170214114416		1
211085	866888020240157	14 2017 2 11:39:20	4 2016 11 04:17:57	114.32909236691745	30.565414408712623	56	-206	0	16	0	100	460	0	28730	20736	69	14 2017 2 11:39:15	460029714576337	2	;20170214113915		1
211072	866888020240157	14 2017 2 11:38:09	4 2016 11 04:16:53	114.33822471696567	30.559246614358134	56	-206	0	16	0	100	460	0	28730	20736	70	14 2017 2 11:38:05	460029714576337	2	;20170214113805		1
211058	866888020240157	14 2017 2 11:36:59	4 2016 11 04:15:41	114.34330967802269	30.556214146145543	1	-222	0	16	0	100	460	0	28730	20736	70	14 2017 2 11:36:55	460029714576337	2	;20170214113655		1
211045	866888020240157	14 2017 2 11:35:45	4 2016 11 04:14:26	114.34154167658934	30.55438917961209	35	2	0	16	0	100	460	0	28730	20736	70	14 2017 2 11:35:42	460029714576337	2	;20170214113542		1
