4920	866888020237229	13 2017 2 19:16:10	30 1999 11 11:16:07	114.41949164302063	30.461033485055296	0	0	0	16	0	91	460	0	28728	51083	80	13 2017 2 19:16:06	460078027753510	2	;20170213191606		1
4918	866888020237229	13 2017 2 19:09:21	30 1999 11 11:09:17	114.41846381019388	30.4622002973333	0	0	0	16	0	92	460	0	28728	51083	63	13 2017 2 19:09:18	460078027753510	2	;20170213190918		1
4915	866888020237229	13 2017 2 19:01:35	30 1999 11 11:01:32	114.41458611233168	30.45950709179514	0	0	0	16	0	95	460	0	28688	49333	87	13 2017 2 19:01:31	460078027753510	2	;20170213190131		1
4913	866888020237229	13 2017 2 18:58:06	30 1999 11 10:58:02	114.4077428177772	30.463077007081246	0	0	0	16	0	95	460	0	28688	32182	59	13 2017 2 18:58:01	460078027753510	2	;20170213185801		1
4906	866888020237229	13 2017 2 18:39:50	30 1999 11 10:39:47	114.40817668124448	30.475378292859453	0	0	0	16	0	95	460	0	28709	15123	84	13 2017 2 18:39:46	460078027753510	2	;20170213183946		1
4904	866888020237229	13 2017 2 18:37:11	30 1999 11 10:36:31	114.40847752577413	30.47532227196288	0	0	0	16	0	96	460	0	28709	15122	83	13 2017 2 18:36:35	460078027753510	2	;20170213183635		1
4902	866888020237229	13 2017 2 18:33:28	30 1999 11 10:33:23	114.40985525305773	30.480758695560873	0	0	0	16	0	96	460	0	28709	15121	60	13 2017 2 18:33:24	460078027753510	2	;20170213183324		0
4900	866888020237229	13 2017 2 18:30:17	30 1999 11 10:30:14	114.41080730745642	30.48793061768552	0	0	0	16	0	96	460	0	28709	35125	61	13 2017 2 18:30:13	460078027753510	2	;20170213183013		0
4898	866888020237229	13 2017 2 18:27:06	30 1999 11 10:27:03	114.40424257394479	30.49065929361563	0	0	0	16	0	96	460	0	28734	54171	79	13 2017 2 18:27:02	460078027753510	2	;20170213182702		0
4896	866888020237229	13 2017 2 18:23:55	30 1999 11 10:23:50	114.40512497188713	30.498470701573023	0	0	0	16	0	96	460	0	28734	59659	57	13 2017 2 18:23:51	460078027753510	2	;20170213182351		1
4894	866888020237229	13 2017 2 18:20:44	30 1999 11 10:20:37	114.40556204124425	30.501036514001903	0	0	0	16	0	97	460	0	28734	54648	68	13 2017 2 18:20:40	460078027753510	2	;20170213182040		1
4893	866888020237229	13 2017 2 18:17:33	30 1999 11 10:17:24	114.40021167694789	30.505357650443262	0	0	0	16	0	98	460	0	28730	46074	71	13 2017 2 18:17:29	460078027753510	2	;20170213181729		1
4891	866888020237229	13 2017 2 18:07:09	30 1999 11 10:07:07	114.3988055692615	30.502927409460074	0	0	0	16	0	99	460	0	28730	20736	51	13 2017 2 18:07:06	460078027753510	2	;20170213180706		1
4889	866888020237229	13 2017 2 18:01:30	30 1999 11 10:01:25	114.39954156153658	30.503332807270766	0	0	0	16	0	100	460	0	28730	20736	60	13 2017 2 18:01:26	460078027753510	2	;20170213180126		1
