3749	866888020237294	20 2017 1 08:12:57	30 1999 11 00:00:00	114.3990923	30.503227	0	0	0	15	12	5	460	0	28730	20735	60	20 2017 1 08:12:53	460077171327454	2	92:27:1d:09:0b:1e,-68,ap1|00:27:1d:09:0b:1e,-69,ap2|a2:27:1d:09:0b:1e,-69,ap3|20:a6:80:05:83:ea,-72,ap4|78:44:76:27:f3:84,-72,ap5;20170120081253	460,00,28730,55271,-83|460,00,28730,45271,-84|460,00,28730,55272,-92|460,00,28730,45272,-94|460,00,28730,45273,-97|460,00,28730,20736,-100
3748	866888020237294	20 2017 1 08:11:40	30 1999 11 00:00:00	114.3990877	30.5032294	0	0	0	15	0	7	460	0	28730	20735	63	20 2017 1 08:11:37	460077171327454	2	20:a6:80:05:83:ea,-68,ap1|92:27:1d:09:0b:1e,-69,ap2|a2:27:1d:09:0b:1e,-69,ap3|00:27:1d:09:0b:1e,-69,ap4|78:44:76:27:f3:84,-80,ap5;20170120081137	460,00,28730,45271,-82|460,00,28730,55271,-84|460,00,28730,55272,-96|460,00,28730,45273,-98|460,00,28730,45272,-103|460,00,28730,20736,-104
3746	866888020237294	20 2017 1 08:08:08	30 1999 11 00:00:00	114.3996818	30.5028461	0	0	0	15	0	8	460	0	28730	55272	55	20 2017 1 08:08:04	460077171327454	2	28:c6:8e:da:2a:4f,-87,ap1|50:bd:5f:ea:5e:b0,-87,ap2|24:69:68:5d:95:e4,-87,ap3|88:25:93:4a:77:c1,-88,ap4|f4:83:cd:62:e6:87,-91,ap5;20170120080804	460,00,28730,45272,-63|460,00,28730,45271,-63|460,00,28730,55271,-65|460,00,28730,63401,-74|460,00,28730,55270,-80|460,00,28730,20735,-81
3744	866888020237294	20 2017 1 08:04:35	30 1999 11 00:00:00	114.399171	30.5033363	0	0	0	240	0	9	460	0	28730	20735	67	20 2017 1 08:04:31	460077171327454	2	d0:5b:a8:d2:d8:37,-83,ap1|b0:c0:90:33:b5:b3,-88,ap2;20170120080431	460,00,28730,55272,-107
3742	866888020237294	20 2017 1 08:01:03	20 2017 1 00:01:00	114.3997835268008	30.50316084124927	10	-180	0	16	0	9	460	0	28730	55272	73	20 2017 1 08:00:58	460077171327454	2	;20170120080058	
3740	866888020237294	20 2017 1 07:57:49	19 2017 1 23:57:43	114.39905858987929	30.50330061912124	16	-168	0	16	0	10	460	0	28730	55271	56	20 2017 1 07:57:45	460077171327454	2	;20170120075745	
3738	866888020237294	20 2017 1 07:54:31	19 2017 1 23:54:24	114.40501191990339	30.49743438105966	11	-154	0	16	0	11	460	0	28734	59659	58	20 2017 1 07:54:26	460077171327454	2	;20170120075426	
3736	866888020237294	20 2017 1 07:51:19	19 2017 1 23:51:13	114.40468940174179	30.49027925105322	16	-236	0	16	0	12	460	0	28709	15901	76	20 2017 1 07:51:15	460077171327454	2	;20170120075115	
3734	866888020237294	20 2017 1 07:48:05	19 2017 1 23:47:59	114.41063419728363	30.48543893018524	47	-154	0	16	0	13	460	0	28709	46705	71	20 2017 1 07:48:01	460077171327454	2	;20170120074801	
3732	866888020237294	20 2017 1 07:44:53	19 2017 1 23:44:49	114.41479463411959	30.47891821577681	30	-238	0	16	0	14	460	0	28709	15122	76	20 2017 1 07:44:49	460077171327454	2	;20170120074449	
3730	866888020237294	20 2017 1 07:41:37	19 2017 1 23:41:35	114.42062786295978	30.477785346639195	3	84	0	16	0	14	460	0	28728	5481	70	20 2017 1 07:41:33	460077171327454	2	;20170120074133	
3728	866888020237294	20 2017 1 07:38:24	19 2017 1 23:38:21	114.42028685822815	30.473382333863587	12	-156	0	16	0	15	460	0	28728	54902	76	20 2017 1 07:38:20	460077171327454	2	;20170120073820	
3726	866888020237294	20 2017 1 07:35:12	19 2017 1 23:35:07	114.42046280820642	30.463572621156253	16	-158	0	16	0	16	460	0	28728	51081	55	20 2017 1 07:35:08	460077171327454	2	;20170120073508	
3724	866888020237294	20 2017 1 07:32:01	19 2017 1 23:31:59	114.41993005355346	30.459671901385683	1	-238	0	16	0	17	460	0	28728	58056	82	20 2017 1 07:31:57	460077171327454	2	;20170120073157	
3698	866888020237294	19 2017 1 19:26:22	30 1999 11 00:00:00	114.4193216	30.4605124	0	0	0	15	0	40	460	0	28728	41082	96	19 2017 1 19:26:16	460077171327454	2	f4:83:cd:01:51:1c,-46,ap1|bc:46:99:04:58:38,-85,ap2|bc:0f:2b:8f:dd:12,-90,ap3;20170119192616	460,00,28728,34314,-97|460,00,28688,49332,-98|460,00,28728,41081,-98|460,00,28728,41083,-98|460,00,28728,41913,-99|460,00,28688,46087,-100
3695	866888020237294	19 2017 1 19:19:53	30 1999 11 00:00:00	114.4193216	30.4605124	0	0	0	15	0	42	460	0	28728	41913	99	19 2017 1 19:19:43	460077171327454	2	f4:83:cd:01:51:1c,-44,ap1|bc:0f:2b:8f:dd:12,-88,ap2|bc:46:99:04:58:38,-91,ap3;20170119191943	460,00,28728,34314,-96|460,00,28728,41082,-96|460,00,28688,49332,-99|460,00,28983,42125,-101|460,00,28688,46087,-101|460,00,28728,41912,-101
3693	866888020237294	19 2017 1 19:16:16	30 1999 11 00:00:00	114.4162755	30.4583683	0	0	0	240	0	43	460	0	28728	41082	98	19 2017 1 19:16:11	460077171327454	2	;20170119191611	460,00,28728,34314,-103|460,00,28728,41083,-106
3691	866888020237294	19 2017 1 19:12:38	19 2017 1 11:12:37	114.41825103313147	30.462304423895198	0	170	0	16	0	43	460	0	28728	51083	62	19 2017 1 19:12:35	460077171327454	2	;20170119191235	
3689	866888020237294	19 2017 1 19:09:10	19 2017 1 11:09:08	114.41996526645109	30.46255362938019	4	244	0	16	0	43	460	0	28728	51081	55	19 2017 1 19:09:06	460077171327454	2	;20170119190906	
3687	866888020237294	19 2017 1 19:05:56	30 1999 11 00:00:00	114.4098915	30.4631014	0	0	0	15	0	44	460	0	28688	32182	80	19 2017 1 19:05:52	460077171327454	2	fc:d7:33:d3:5e:fe,-86,ap1|cc:81:da:9c:f9:48,-91,ap2|bc:46:99:da:a2:b4,-92,ap3;20170119190552	460,00,28688,24455,-82|460,00,28688,37103,-84|460,00,28688,48183,-90|460,00,28688,32183,-90|460,00,28688,22955,-92
3685	866888020237294	19 2017 1 19:02:23	19 2017 1 11:02:18	114.40865582984435	30.46839039651192	18	186	0	16	0	44	460	0	28688	36101	70	19 2017 1 19:02:19	460077171327454	2	;20170119190219	
3683	866888020237294	19 2017 1 18:59:10	19 2017 1 10:59:05	114.40922112123904	30.475172200034788	22	198	0	16	0	46	460	0	28709	15122	82	19 2017 1 18:59:06	460077171327454	2	;20170119185906	
3681	866888020237294	19 2017 1 18:55:10	30 1999 11 00:00:00	114.4112823	30.473897	0	0	0	240	0	47	460	0	28688	46364	95	19 2017 1 18:55:05	460077171327454	2	;20170119185505	460,00,28688,46366,-100|460,00,28688,46365,-106
3679	866888020237294	19 2017 1 18:51:34	30 1999 11 00:00:00	114.4087302	30.4727053	0	0	0	240	0	49	460	0	28688	46366	84	19 2017 1 18:51:30	460077171327454	2	;20170119185130	460,00,28688,46364,-92|460,00,28709,15122,-95|460,00,28688,46365,-97|460,00,28688,59839,-103
3677	866888020237294	19 2017 1 18:48:01	30 1999 11 00:00:00	114.4085059	30.4754641	0	0	0	15	0	50	460	0	28688	46366	91	19 2017 1 18:47:54	460077171327454	2	64:09:80:6a:a3:06,-91,ap1|22:27:1d:06:2e:79,-92,ap2;20170119184754	460,00,28688,46364,-98|460,00,28688,46365,-99|460,00,28709,15122,-101|460,00,28728,44903,-107|460,00,28688,59837,-107
3674	866888020237294	19 2017 1 18:41:28	19 2017 1 10:41:23	114.40962911964482	30.477749879958708	3	74	0	16	0	51	460	0	28709	15122	62	19 2017 1 18:41:21	460077171327454	2	;20170119184121	
3672	866888020237294	19 2017 1 18:38:13	19 2017 1 10:38:09	114.40985825368412	30.48078570282866	18	182	0	16	0	51	460	0	28709	15121	57	19 2017 1 18:38:10	460077171327454	2	;20170119183810	
3670	866888020237294	19 2017 1 18:35:02	19 2017 1 10:35:00	114.40994830776764	30.482003034879252	6	180	0	16	0	51	460	0	28709	15121	72	19 2017 1 18:34:58	460077171327454	2	;20170119183458	
3668	866888020237294	19 2017 1 18:31:49	19 2017 1 10:31:46	114.40919739589496	30.489633254739463	7	20	0	16	0	53	460	0	28709	35125	79	19 2017 1 18:31:45	460077171327454	2	;20170119183145	
3666	866888020237294	19 2017 1 18:28:11	19 2017 1 10:28:07	114.40450871231025	30.493180064950753	25	184	0	16	0	53	460	0	28734	59658	80	19 2017 1 18:28:07	460077171327454	2	;20170119182807	
3664	866888020237294	19 2017 1 18:24:51	19 2017 1 10:24:49	114.40525288680833	30.49800357846801	1	242	0	16	0	55	460	0	28734	59659	66	19 2017 1 18:24:47	460077171327454	2	;20170119182447	
3662	866888020237294	19 2017 1 18:20:59	19 2017 1 10:20:52	114.40554405966864	30.501172552813788	15	184	0	16	0	55	460	0	28734	45175	62	19 2017 1 18:20:55	460077171327454	2	;20170119182055	
3660	866888020237294	19 2017 1 18:17:45	19 2017 1 10:17:44	114.40132846738605	30.504668785644974	2	192	0	16	0	55	460	0	28730	14504	70	19 2017 1 18:17:42	460077171327454	2	;20170119181742	
3658	866888020237294	19 2017 1 18:14:31	19 2017 1 10:14:29	114.39915559437031	30.503413689793064	1	-190	0	16	0	57	460	0	28730	55271	55	19 2017 1 18:14:27	460077171327454	2	;20170119181427	
3656	866888020237294	19 2017 1 18:10:50	19 2017 1 10:10:48	114.40049146445945	30.50328911662556	2	-234	0	16	0	59	460	0	28730	55272	74	19 2017 1 18:10:46	460077171327454	2	;20170119181046	
3653	866888020237294	19 2017 1 18:06:21	30 1999 11 00:00:00	114.3993934	30.5029899	0	0	0	15	0	62	460	0	28730	20736	63	19 2017 1 18:06:17	460077171327454	2	8e:26:ca:d7:46:e2,-61,ap1|ec:26:ca:d7:46:e2,-64,ap2|88:25:93:af:42:93,-67,ap3|02:bd:5f:15:b9:dd,-68,ap4|02:27:1d:1a:59:2e,-68,ap5;20170119180617	460,00,28730,45271,-95|460,00,28720,15545,-98|460,00,28730,55271,-99|460,00,28730,55272,-106|460,00,28730,55273,-107
3620	866888020237294	19 2017 1 11:27:31	19 2017 1 03:27:29	114.3991175526068	30.50291052406185	1	178	0	16	0	58	460	0	28730	20736	47	19 2017 1 11:27:27	460077171327454	2	;20170119112727	
3618	866888020237294	19 2017 1 11:24:16	30 1999 11 00:00:00	114.3990774	30.5030954	0	0	0	15	0	59	460	0	28730	20736	86	19 2017 1 11:24:13	460077171327454	2	12:27:1d:1a:5a:3d,-82,ap1|00:27:1d:1a:5a:3d,-86,ap2|02:27:1d:1a:5a:3d,-88,ap3;20170119112413	460,00,28730,20735,-97
3616	866888020237294	19 2017 1 11:20:44	19 2017 1 03:20:42	114.39952354848525	30.503167751105423	0	8	0	16	0	59	460	0	28730	55271	59	19 2017 1 11:20:40	460077171327454	2	;20170119112040	
3614	866888020237294	19 2017 1 11:17:33	19 2017 1 03:17:31	114.39867945499901	30.501562950581654	3	150	0	16	0	59	460	0	28730	55273	57	19 2017 1 11:17:29	460077171327454	2	;20170119111729	
3612	866888020237294	19 2017 1 11:14:28	19 2017 1 03:14:20	114.39979218905242	30.510754158016294	1	66	0	16	0	59	460	0	28730	35594	57	19 2017 1 11:14:18	460077171327454	2	;20170119111418	
3610	866888020237294	19 2017 1 11:11:09	19 2017 1 03:11:05	114.40911758962415	30.525706277731487	23	248	0	16	0	59	460	0	28721	15672	63	19 2017 1 11:11:05	460077171327454	2	;20170119111105	
3608	866888020237294	19 2017 1 11:07:56	19 2017 1 03:07:50	114.41510855566526	30.53826630081466	71	128	0	16	0	60	460	0	28721	10371	77	19 2017 1 11:07:53	460077171327454	2	;20170119110753	
3606	866888020237294	19 2017 1 11:04:26	30 1999 11 00:00:00	114.3879888	30.5796465	0	0	0	240	0	62	460	0	28969	23981	72	19 2017 1 11:04:22	460077171327454	2	;20170119110422	
3604	866888020237294	19 2017 1 11:00:49	19 2017 1 03:00:48	114.37221879340149	30.573357264575645	76	24	0	16	0	62	460	0	28969	33911	84	19 2017 1 11:00:46	460077171327454	2	;20170119110046	
3602	866888020237294	19 2017 1 10:57:40	19 2017 1 02:57:37	114.35878578058264	30.553537809062266	55	28	0	16	0	62	460	0	28969	38914	67	19 2017 1 10:57:36	460077171327454	2	;20170119105736	
3600	866888020237294	19 2017 1 10:54:28	19 2017 1 02:54:26	114.34737792068104	30.55388987756334	0	46	0	16	0	62	460	0	28961	16284	64	19 2017 1 10:54:24	460077171327454	2	;20170119105424	
3598	866888020237294	19 2017 1 10:51:17	19 2017 1 02:51:14	114.34380817716304	30.552772869127118	50	-216	0	16	0	62	460	0	28961	10841	77	19 2017 1 10:51:13	460077171327454	2	;20170119105113	
3596	866888020237294	19 2017 1 10:48:06	19 2017 1 02:48:04	114.34144440101396	30.553021516327835	0	40	0	16	0	63	460	0	28711	55963	72	19 2017 1 10:48:02	460077171327454	2	;20170119104802	
3594	866888020237294	19 2017 1 10:44:55	19 2017 1 02:44:52	114.33824268468841	30.54699235634095	25	22	0	16	0	64	460	0	28711	10013	80	19 2017 1 10:44:51	460077171327454	2	;20170119104451	
3592	866888020237294	19 2017 1 10:41:43	19 2017 1 02:41:37	114.3435971607581	30.544941764217295	21	-154	0	16	0	64	460	0	28711	10012	63	19 2017 1 10:41:39	460077171327454	2	;20170119104139	
3590	866888020237294	19 2017 1 10:38:30	19 2017 1 02:38:24	114.34396262369353	30.54354497047196	10	30	0	16	0	64	460	0	28711	32374	73	19 2017 1 10:38:26	460077171327454	2	;20170119103826	
3588	866888020237294	19 2017 1 10:35:18	19 2017 1 02:35:16	114.34370412116623	30.542512135703294	5	-212	0	16	0	64	460	0	28711	32374	59	19 2017 1 10:35:14	460077171327454	2	;20170119103514	
3586	866888020237294	19 2017 1 10:32:04	19 2017 1 02:31:59	114.34512936560797	30.542217693022817	1	118	0	16	0	65	460	0	28711	32374	55	19 2017 1 10:32:00	460077171327454	2	;20170119103200	
3584	866888020237294	19 2017 1 10:28:49	19 2017 1 02:28:46	114.35531547186771	30.53739339082836	53	-178	0	16	0	67	460	0	28968	28647	86	19 2017 1 10:28:45	460077171327454	2	;20170119102845	
3582	866888020237294	19 2017 1 10:25:08	19 2017 1 02:25:05	114.35545006421376	30.5304613258831	6	32	0	16	0	69	460	0	28727	54143	78	19 2017 1 10:25:04	460077171327454	2	;20170119102504	
3580	866888020237294	19 2017 1 10:21:45	19 2017 1 02:21:43	114.37144523885785	30.518816494691045	79	-230	0	16	0	70	460	0	28980	39211	84	19 2017 1 10:21:41	460077171327454	2	;20170119102141	
3578	866888020237294	19 2017 1 10:18:35	19 2017 1 02:18:32	114.39030607714596	30.51210342956389	7	160	0	16	0	70	460	0	28730	16975	71	19 2017 1 10:18:31	460077171327454	2	;20170119101831	
3576	866888020237294	19 2017 1 10:15:23	19 2017 1 02:15:19	114.39934572533801	30.505049254365435	23	62	0	16	0	71	460	0	28730	55271	65	19 2017 1 10:15:19	460077171327454	2	;20170119101519	
3574	866888020237294	19 2017 1 10:12:11	19 2017 1 02:12:10	114.3991745771113	30.503228641198973	0	190	0	16	0	72	460	0	28730	45271	53	19 2017 1 10:12:08	460077171327454	2	;20170119101208	
3572	866888020237294	19 2017 1 10:09:02	19 2017 1 02:09:00	114.39918858798752	30.503362686800855	0	-182	0	16	0	73	460	0	28730	55271	53	19 2017 1 10:08:58	460077171327454	2	;20170119100858	
3570	866888020237294	19 2017 1 10:05:45	30 1999 11 00:00:00	114.3996167	30.5029842	0	0	0	15	0	75	460	0	28730	20735	66	19 2017 1 10:05:41	460077171327454	2	02:27:1d:1a:5a:36,-75,ap1|00:27:1d:1a:5a:36,-76,ap2|12:27:1d:1a:5a:36,-76,ap3|02:27:1d:1a:5a:39,-84,ap4|00:27:1d:1a:5a:39,-84,ap5;20170119100541	460,00,28730,45271,-80|460,00,28730,45272,-81|460,00,28730,55272,-83|460,00,28730,55271,-86|460,00,28730,55270,-90|460,00,28734,45176,-94
3568	866888020237294	19 2017 1 10:02:15	30 1999 11 00:00:00	114.3993937	30.5029839	0	0	0	15	0	78	460	0	28730	20736	59	19 2017 1 10:02:08	460077171327454	2	88:25:93:af:42:93,-58,ap1|02:bd:5f:15:b9:dd,-59,ap2|50:bd:5f:15:b9:dd,-61,ap3|50:bd:5f:15:b9:c5,-64,ap4|02:bd:5f:15:b9:c5,-65,ap5;20170119100208	460,00,28730,45271,-80|460,00,28730,45273,-84|460,00,28720,15545,-87|460,00,28730,55272,-96|460,00,28730,55273,-101
3531	866888020237294	18 2017 1 08:36:23	30 1999 11 00:00:00	114.3993698	30.5031388	0	0	0	240	0	55	460	0	28730	20735	85	18 2017 1 08:36:04	460077171327454	2	;20170118083604	460,00,28730,45271,-101|460,00,28730,45272,-106|460,00,28730,20736,-107
3527	866888020237294	18 2017 1 08:26:31	30 1999 11 00:00:00	114.3991865	30.5030254	0	0	0	15	0	56	460	0	28730	20735	57	18 2017 1 08:26:28	460077171327454	2	00:27:1d:1a:59:5e,-60,ap1|02:27:1d:1a:59:5e,-60,ap2|12:27:1d:1a:59:5e,-60,ap3|02:27:1d:1a:5a:35,-64,ap4|00:27:1d:1a:5a:35,-65,ap5;20170118082628	460,00,28730,55272,-65|460,00,28730,45271,-72|460,00,28730,45272,-82|460,00,28730,55271,-85|460,00,28730,55270,-90|460,00,28730,20736,-90
3525	866888020237294	18 2017 1 08:23:00	30 1999 11 00:00:00	114.3993864	30.5033683	0	0	0	15	0	57	460	0	28730	20735	82	18 2017 1 08:22:55	460077171327454	2	02:27:1d:1a:5a:38,-84,ap1|12:27:1d:1a:5a:38,-84,ap2|00:27:1d:1a:5a:38,-86,ap3|24:69:68:5d:96:f2,-86,ap4|24:69:68:70:80:83,-89,ap5;20170118082255	
3521	866888020237294	18 2017 1 08:13:26	30 1999 11 00:00:00	114.3991819	30.5031942	0	0	0	15	0	58	460	0	28730	20735	62	18 2017 1 08:13:21	460077171327454	2	00:27:1d:09:0b:1e,-60,ap1|92:27:1d:09:0b:1e,-61,ap2|a2:27:1d:09:0b:1e,-61,ap3|00:27:1d:1a:5a:3d,-74,ap4|00:27:1d:1a:5a:38,-75,ap5;20170118081321	460,00,28730,55271,-86|460,00,28730,45273,-94|460,00,28730,55272,-97|460,00,28730,45272,-98|460,00,28730,63401,-105
3519	866888020237294	18 2017 1 08:09:54	30 1999 11 00:00:00	114.3996181	30.5033713	0	0	0	15	0	59	460	0	28730	20735	62	18 2017 1 08:09:49	460077171327454	2	00:27:1d:09:0b:1e,-70,ap1|78:44:76:27:f3:84,-70,ap2|a2:27:1d:09:0b:1e,-75,ap3|92:27:1d:09:0b:1e,-75,ap4|24:69:68:5d:98:a2,-80,ap5;20170118080949	460,00,28730,55271,-87|460,00,28730,55272,-99|460,00,28730,63401,-102|460,00,28730,45272,-102|460,00,28730,45273,-104
3517	866888020237294	18 2017 1 08:06:19	18 2017 1 00:06:17	114.40003949980193	30.50312491847682	2	78	0	16	0	60	460	0	28730	55272	61	18 2017 1 08:06:16	460077171327454	2	;20170118080616	
3515	866888020237294	18 2017 1 08:03:04	18 2017 1 00:03:01	114.39835818598911	30.49837787310064	14	-176	0	16	0	61	460	0	28734	45016	73	18 2017 1 08:03:00	460077171327454	2	;20170118080300	
3513	866888020237294	18 2017 1 07:59:50	17 2017 1 23:59:47	114.40508286456259	30.49707628425403	2	44	0	16	0	62	460	0	28734	59659	57	18 2017 1 07:59:46	460077171327454	2	;20170118075946	
3511	866888020237294	18 2017 1 07:56:39	17 2017 1 23:56:32	114.40485177959143	30.49521470737674	17	2	0	16	0	62	460	0	28734	59658	55	18 2017 1 07:56:35	460077171327454	2	;20170118075635	
3510	866888020237294	18 2017 1 07:53:27	17 2017 1 23:53:21	114.41005190631762	30.489555167520418	26	-228	0	16	0	62	460	0	28709	35125	86	18 2017 1 07:53:21	460077171327454	2	;20170118075321	
3508	866888020237294	18 2017 1 07:50:10	17 2017 1 23:50:05	114.4100512394886	30.481908999047047	6	36	0	16	0	62	460	0	28709	15121	75	18 2017 1 07:50:06	460077171327454	2	;20170118075006	
3506	866888020237294	18 2017 1 07:46:55	17 2017 1 23:46:52	114.42041609513502	30.477739453680705	1	180	0	16	0	62	460	0	28728	5481	57	18 2017 1 07:46:51	460077171327454	2	;20170118074651	
3504	866888020237294	18 2017 1 07:43:45	17 2017 1 23:43:36	114.42035502814716	30.476195063200848	29	4	0	16	0	63	460	0	28728	5483	55	18 2017 1 07:43:40	460077171327454	2	;20170118074340	
3502	866888020237294	18 2017 1 07:40:26	17 2017 1 23:40:22	114.42044172764238	30.46237932148273	37	0	0	16	0	65	460	0	28728	51081	78	18 2017 1 07:40:22	460077171327454	2	;20170118074022	
3500	866888020237294	18 2017 1 07:37:14	17 2017 1 23:37:08	114.41816813231334	30.46249351134303	14	52	0	16	0	67	460	0	28728	51083	72	18 2017 1 07:37:09	460077171327454	2	;20170118073709	
3497	866888020237294	18 2017 1 07:32:13	30 1999 11 00:00:00	114.4165066	30.4584804	0	0	0	240	0	69	460	0	28728	41082	88	18 2017 1 07:32:08	460077171327454	2	;20170118073208	460,00,28728,41083,-97|460,00,28728,34314,-99|460,00,28728,41913,-105|460,00,28728,51082,-105|460,00,28688,46087,-107
3492	866888020237294	17 2017 1 19:08:00	30 1999 11 00:00:00	114.4192391	30.4604354	0	0	0	15	0	85	460	0	28728	41082	85	17 2017 1 19:07:56	460077171327454	2	f4:83:cd:01:51:1c,-51,ap1|bc:46:99:04:58:38,-83,ap2|bc:0f:2b:8f:dd:12,-92,ap3;20170117190756	460,00,28728,34314,-85|460,00,28688,49332,-90|460,00,28688,46087,-90|460,00,28728,41083,-91|460,00,28688,36582,-92
