3763	866888020237229	20 2017 1 09:00:19	30 1999 11 00:00:00	114.3991094	30.5029335	0	0	0	15	0	10	460	0	28730	20736	60	20 2017 1 09:00:13	460078027753510	2	12:27:1d:1a:59:2e,-45,ap1|02:27:1d:1a:59:2e,-45,ap2|00:27:1d:1a:59:2e,-46,ap3|02:bd:5f:15:b9:dd,-58,ap4|50:bd:5f:15:b9:dd,-58,ap5;20170120090013	
3762	866888020237229	20 2017 1 08:56:44	30 1999 11 00:00:00	114.3991151	30.5029392	0	0	0	15	0	10	460	0	28730	20736	61	20 2017 1 08:56:40	460078027753510	2	50:bd:5f:15:b9:dd,-35,ap1|02:bd:5f:15:b9:dd,-35,ap2|12:27:1d:1a:59:2e,-53,ap3|00:27:1d:1a:59:2e,-55,ap4|02:27:1d:1a:59:2e,-56,ap5;20170120085640	460,00,28730,45271,-83|460,00,28730,55271,-96|460,00,28720,15545,-98|460,00,28968,10222,-102|460,00,28730,55273,-106|460,00,28730,55272,-107
3761	866888020237229	20 2017 1 08:53:10	30 1999 11 00:00:00	114.3991149	30.5029389	0	0	0	15	0	10	460	0	28730	20736	60	20 2017 1 08:53:07	460078027753510	2	50:bd:5f:15:b9:dd,-36,ap1|02:bd:5f:15:b9:dd,-37,ap2|02:27:1d:1a:59:2e,-54,ap3|12:27:1d:1a:59:2e,-54,ap4|00:27:1d:1a:59:2e,-55,ap5;20170120085307	460,00,28730,45271,-91|460,00,28730,55271,-97|460,00,28720,15545,-98|460,00,28968,10222,-100|460,00,28730,63401,-103|460,00,28730,55273,-104
3760	866888020237229	20 2017 1 08:49:38	30 1999 11 00:00:00	114.3991149	30.5029389	0	0	0	15	0	10	460	0	28730	20736	64	20 2017 1 08:49:35	460078027753510	2	50:bd:5f:15:b9:dd,-47,ap1|02:bd:5f:15:b9:dd,-47,ap2|00:27:1d:1a:59:2e,-54,ap3|12:27:1d:1a:59:2e,-54,ap4|02:27:1d:1a:59:2e,-55,ap5;20170120084935	460,00,28730,45271,-86|460,00,28720,15545,-93|460,00,28712,11766,-94|460,00,28730,55271,-97|460,00,28730,45273,-99|460,00,28968,10222,-103
3759	866888020237229	20 2017 1 08:46:06	30 1999 11 00:00:00	114.3991135	30.5029376	0	0	0	15	0	11	460	0	28730	20736	56	20 2017 1 08:46:02	460078027753510	2	02:bd:5f:15:b9:dd,-36,ap1|50:bd:5f:15:b9:dd,-41,ap2|02:27:1d:1a:59:2e,-51,ap3|12:27:1d:1a:59:2e,-51,ap4|00:27:1d:1a:59:2e,-52,ap5;20170120084602	460,00,28730,45271,-91|460,00,28720,15545,-93|460,00,28712,11766,-95|460,00,28730,55271,-98|460,00,28968,10222,-100|460,00,28730,29041,-103
3758	866888020237229	20 2017 1 08:42:32	30 1999 11 00:00:00	114.3991135	30.5029376	0	0	0	15	0	11	460	0	28730	20736	56	20 2017 1 08:42:29	460078027753510	2	50:bd:5f:15:b9:dd,-37,ap1|02:bd:5f:15:b9:dd,-42,ap2|02:27:1d:1a:59:2e,-51,ap3|12:27:1d:1a:59:2e,-51,ap4|00:27:1d:1a:59:2e,-52,ap5;20170120084229	460,00,28730,45271,-84|460,00,28720,15545,-94|460,00,28730,55271,-97|460,00,28730,63401,-99|460,00,28968,10222,-101|460,00,28730,55273,-104
3757	866888020237229	20 2017 1 08:39:00	30 1999 11 00:00:00	114.3991135	30.5029376	0	0	0	15	0	12	460	0	28730	20736	57	20 2017 1 08:38:56	460078027753510	2	50:bd:5f:15:b9:dd,-33,ap1|02:bd:5f:15:b9:dd,-34,ap2|12:27:1d:1a:59:2e,-50,ap3|00:27:1d:1a:59:2e,-52,ap4|02:27:1d:1a:59:2e,-52,ap5;20170120083856	460,00,28730,45271,-86|460,00,28720,15545,-94|460,00,28730,45272,-96|460,00,28730,55271,-96|460,00,28730,63401,-101|460,00,28968,10222,-102
3756	866888020237229	20 2017 1 08:35:26	30 1999 11 00:00:00	114.3991143	30.5029381	0	0	0	15	0	13	460	0	28730	20736	55	20 2017 1 08:35:23	460078027753510	2	02:bd:5f:15:b9:dd,-35,ap1|50:bd:5f:15:b9:dd,-38,ap2|12:27:1d:1a:59:2e,-52,ap3|02:27:1d:1a:59:2e,-53,ap4|00:27:1d:1a:59:2e,-54,ap5;20170120083523	460,00,28730,45271,-90|460,00,28720,15545,-93|460,00,28730,45272,-95|460,00,28730,55271,-97|460,00,28730,63401,-98
3755	866888020237229	20 2017 1 08:31:54	30 1999 11 00:00:00	114.3991143	30.5029386	0	0	0	15	0	15	460	0	28730	20736	66	20 2017 1 08:31:50	460078027753510	2	02:bd:5f:15:b9:dd,-55,ap1|50:bd:5f:15:b9:dd,-56,ap2|12:27:1d:1a:59:2e,-57,ap3|02:27:1d:1a:59:2e,-57,ap4|00:27:1d:1a:59:2e,-58,ap5;20170120083150	460,00,28730,45271,-102
3754	866888020237229	20 2017 1 08:28:30	30 1999 11 00:00:00	114.3994244	30.5033209	0	0	0	240	0	17	460	0	28730	20736	99	20 2017 1 08:28:18	460078027753510	2	;20170120082818	
3753	866888020237229	20 2017 1 08:24:45	30 1999 11 00:00:00	114.3991691	30.5030436	0	0	0	15	0	18	460	0	28730	20735	56	20 2017 1 08:24:42	460078027753510	2	00:27:1d:1a:5a:35,-50,ap1|02:27:1d:1a:5a:35,-50,ap2|12:27:1d:1a:5a:35,-51,ap3|00:27:1d:1a:59:5e,-52,ap4|12:27:1d:1a:59:5e,-52,ap5;20170120082442	460,00,28730,55272,-69|460,00,28730,45271,-70|460,00,28730,45272,-76|460,00,28730,55271,-85|460,00,28730,20736,-87|460,00,28730,55270,-91
3752	866888020237229	20 2017 1 08:21:13	30 1999 11 00:00:00	114.3991659	30.5032072	0	0	0	15	0	18	460	0	28730	20735	63	20 2017 1 08:21:09	460078027753510	2	00:27:1d:09:0b:1e,-53,ap1|92:27:1d:09:0b:1e,-54,ap2|a2:27:1d:09:0b:1e,-57,ap3|78:44:76:27:f3:84,-63,ap4|24:69:68:5d:96:f2,-67,ap5;20170120082109	460,00,28730,45271,-87|460,00,28730,55271,-87|460,00,28730,55273,-91|460,00,28730,45273,-95|460,00,28730,55272,-97|460,00,28730,45272,-98
3751	866888020237229	20 2017 1 08:17:40	30 1999 11 00:00:00	114.3991707	30.5032026	0	0	0	15	0	18	460	0	28730	20735	68	20 2017 1 08:17:37	460078027753510	2	92:27:1d:09:0b:1e,-55,ap1|a2:27:1d:09:0b:1e,-55,ap2|00:27:1d:09:0b:1e,-56,ap3|78:44:76:27:f3:84,-72,ap4|24:69:68:5d:96:f2,-73,ap5;20170120081737	460,00,28730,55271,-77|460,00,28730,45271,-83|460,00,28730,45273,-90|460,00,28730,55272,-97|460,00,28730,45272,-97
3750	866888020237229	20 2017 1 08:14:08	30 1999 11 00:00:00	114.3991688	30.503211	0	0	0	15	0	18	460	0	28730	20735	58	20 2017 1 08:14:04	460078027753510	2	00:27:1d:09:0b:1e,-56,ap1|92:27:1d:09:0b:1e,-56,ap2|a2:27:1d:09:0b:1e,-57,ap3|24:69:68:5d:96:f2,-68,ap4|78:44:76:27:f3:84,-71,ap5;20170120081404	460,00,28730,55271,-84|460,00,28730,45271,-86|460,00,28730,45273,-88|460,00,28730,55273,-89|460,00,28730,55272,-95|460,00,28730,45272,-99
3747	866888020237229	20 2017 1 08:10:34	30 1999 11 00:00:00	114.399165	30.5031624	0	0	0	15	0	18	460	0	28730	20735	70	20 2017 1 08:10:31	460078027753510	2	92:27:1d:09:0b:1e,-55,ap1|00:27:1d:09:0b:1e,-56,ap2|a2:27:1d:09:0b:1e,-56,ap3|02:27:1d:1a:5a:3d,-71,ap4|12:27:1d:1a:5a:3d,-71,ap5;20170120081031	460,00,28730,55271,-83|460,00,28730,45271,-86|460,00,28730,55272,-94
3745	866888020237229	20 2017 1 08:07:02	30 1999 11 00:00:00	114.3997238	30.5028594	0	0	0	15	0	19	460	0	28730	20735	79	20 2017 1 08:06:58	460078027753510	2	88:25:93:4a:77:c1,-75,ap1|50:bd:5f:ea:5e:b0,-76,ap2|24:69:68:5d:95:e4,-80,ap3|f4:83:cd:62:e6:87,-80,ap4|86:83:cd:62:e6:87,-81,ap5;20170120080658	460,00,28730,55272,-60|460,00,28730,45271,-67|460,00,28730,45272,-69|460,00,28730,55271,-71|460,00,28730,63401,-82|460,00,28730,55270,-88
3743	866888020237229	20 2017 1 08:03:29	30 1999 11 00:00:00	114.3995936	30.5028741	0	0	0	15	0	20	460	0	28730	20735	57	20 2017 1 08:03:25	460078027753510	2	d0:5b:a8:d2:d8:37,-81,ap1|8c:f2:28:e9:a6:64,-94,ap2;20170120080325	
3741	866888020237229	20 2017 1 07:59:56	30 1999 11 23:59:53	114.3998565128905	30.503075841056067	0	0	0	16	0	20	460	0	28730	55272	67	20 2017 1 07:59:52	460078027753510	2	;20170120075952	
3739	866888020237229	20 2017 1 07:56:40	30 1999 11 23:56:35	114.39871615261522	30.498113938592553	0	0	0	16	0	21	460	0	28734	45016	70	20 2017 1 07:56:37	460078027753510	2	;20170120075637	
3737	866888020237229	20 2017 1 07:53:12	30 1999 11 23:53:06	114.40490777195866	30.495339751422378	0	0	0	16	0	21	460	0	28734	59658	53	20 2017 1 07:53:08	460078027753510	2	;20170120075308	
3735	866888020237229	20 2017 1 07:50:02	30 1999 11 23:49:56	114.40829987759616	30.48979033319766	0	0	0	16	0	22	460	0	28709	35125	91	20 2017 1 07:49:58	460078027753510	2	;20170120074958	
3733	866888020237229	20 2017 1 07:46:47	30 1999 11 23:46:40	114.40990013916748	30.4797504111913	0	0	0	16	0	24	460	0	28709	5122	78	20 2017 1 07:46:43	460078027753510	2	;20170120074643	
3731	866888020237229	20 2017 1 07:43:35	30 1999 11 23:43:30	114.42043810976547	30.47818756498119	0	0	0	16	0	26	460	0	28728	5481	63	20 2017 1 07:43:31	460078027753510	2	;20170120074331	
3729	866888020237229	20 2017 1 07:39:05	30 1999 11 23:39:02	114.42040395361283	30.475961971981175	0	0	0	16	0	29	460	0	28728	54902	78	20 2017 1 07:39:01	460078027753510	2	;20170120073901	
3727	866888020237229	20 2017 1 07:35:52	30 1999 11 23:35:46	114.42032712551021	30.46548719984437	0	0	0	16	0	29	460	0	28728	51081	77	20 2017 1 07:35:48	460078027753510	2	;20170120073548	
3725	866888020237229	20 2017 1 07:32:26	30 1999 11 23:32:16	114.41966334498335	30.45971605479321	0	0	0	16	0	31	460	0	28728	58056	86	20 2017 1 07:32:23	460078027753510	2	;20170120073223	
3723	866888020237229	19 2017 1 20:53:14	30 1999 11 00:00:00	114.4189347	30.4598608	0	0	0	15	0	33	460	0	28728	41082	88	19 2017 1 20:53:09	460078027753510	2	f4:83:cd:01:51:1c,-37,ap1|5e:d0:5a:8c:f4:cd,-69,ap2|bc:46:99:04:58:38,-80,ap3|38:21:87:29:5b:70,-81,ap4|bc:0f:2b:8f:dd:12,-84,ap5;20170119205309	
3722	866888020237229	19 2017 1 20:49:39	30 1999 11 00:00:00	114.4189347	30.4598608	0	0	0	15	0	34	460	0	28728	41082	87	19 2017 1 20:49:36	460078027753510	2	f4:83:cd:01:51:1c,-37,ap1|5e:d0:5a:8c:f4:cd,-79,ap2|38:21:87:29:5b:70,-82,ap3|bc:46:99:04:58:38,-85,ap4|bc:0f:2b:8f:dd:12,-85,ap5;20170119204936	460,00,28688,49332,-84|460,00,28728,41083,-86|460,00,28688,46087,-90|460,00,28728,41912,-94
3721	866888020237229	19 2017 1 20:46:07	30 1999 11 00:00:00	114.4189347	30.4598611	0	0	0	15	0	35	460	0	28728	41082	86	19 2017 1 20:46:03	460078027753510	2	f4:83:cd:01:51:1c,-36,ap1|bc:46:99:04:58:38,-81,ap2|38:21:87:29:5b:70,-82,ap3|bc:0f:2b:8f:dd:12,-84,ap4|5e:d0:5a:8c:f4:cd,-84,ap5;20170119204603	460,00,28688,49332,-84|460,00,28728,41083,-85|460,00,28728,34314,-89|460,00,28688,46087,-91|460,00,28728,41912,-91
3720	866888020237229	19 2017 1 20:42:34	30 1999 11 00:00:00	114.4188881	30.4593037	0	0	0	15	0	36	460	0	28728	41082	86	19 2017 1 20:42:30	460078027753510	2	f4:83:cd:01:51:1c,-37,ap1|bc:46:99:04:58:38,-82,ap2|38:21:87:29:5b:70,-83,ap3|bc:0f:2b:8f:dd:12,-84,ap4|50:bd:5f:42:46:aa,-87,ap5;20170119204230	460,00,28688,49332,-84|460,00,28728,41083,-85|460,00,28728,34314,-89|460,00,28688,46087,-90|460,00,28728,41912,-91|460,00,28688,36582,-94
3719	866888020237229	19 2017 1 20:39:01	30 1999 11 00:00:00	114.4189304	30.4597738	0	0	0	15	0	37	460	0	28728	41082	85	19 2017 1 20:38:58	460078027753510	2	f4:83:cd:01:51:1c,-37,ap1|5e:d0:5a:8c:f4:cd,-78,ap2|bc:46:99:04:58:38,-82,ap3|38:21:87:29:5b:70,-83,ap4|80:89:17:56:42:a5,-85,ap5;20170119203858	460,00,28688,49332,-84|460,00,28728,41083,-86|460,00,28728,34314,-89|460,00,28688,46087,-90|460,00,28728,41912,-91
3718	866888020237229	19 2017 1 20:35:28	30 1999 11 00:00:00	114.4189364	30.4597936	0	0	0	15	0	38	460	0	28728	41082	84	19 2017 1 20:35:25	460078027753510	2	f4:83:cd:01:51:1c,-36,ap1|38:21:87:29:5b:70,-80,ap2|5e:d0:5a:8c:f4:cd,-81,ap3|80:89:17:56:42:a5,-87,ap4|50:bd:5f:42:46:aa,-88,ap5;20170119203525	460,00,28688,49332,-84|460,00,28728,41083,-85|460,00,28728,34314,-89|460,00,28688,46087,-90|460,00,28728,41912,-93
3717	866888020237229	19 2017 1 20:31:55	30 1999 11 00:00:00	114.4189345	30.4598603	0	0	0	15	0	39	460	0	28728	41082	85	19 2017 1 20:31:52	460078027753510	2	f4:83:cd:01:51:1c,-37,ap1|5e:d0:5a:8c:f4:cd,-77,ap2|38:21:87:29:5b:70,-82,ap3|bc:46:99:04:58:38,-85,ap4|bc:0f:2b:8f:dd:12,-87,ap5;20170119203152	460,00,28688,49332,-83|460,00,28728,41083,-86|460,00,28728,34314,-88|460,00,28728,41912,-91|460,00,28688,46087,-91
3716	866888020237229	19 2017 1 20:28:23	30 1999 11 00:00:00	114.4189304	30.459774	0	0	0	15	0	40	460	0	28728	41082	85	19 2017 1 20:28:19	460078027753510	2	f4:83:cd:01:51:1c,-37,ap1|bc:46:99:04:58:38,-79,ap2|5e:d0:5a:8c:f4:cd,-80,ap3|38:21:87:29:5b:70,-81,ap4|80:89:17:56:42:a5,-83,ap5;20170119202819	460,00,28688,49332,-84|460,00,28728,41083,-86|460,00,28728,34314,-89|460,00,28688,46087,-91|460,00,28728,41912,-91
3715	866888020237229	19 2017 1 20:24:50	30 1999 11 00:00:00	114.4189304	30.4597743	0	0	0	15	0	40	460	0	28728	41082	84	19 2017 1 20:24:46	460078027753510	2	f4:83:cd:01:51:1c,-36,ap1|5e:d0:5a:8c:f4:cd,-81,ap2|38:21:87:29:5b:70,-82,ap3|bc:46:99:04:58:38,-83,ap4|80:89:17:56:42:a5,-87,ap5;20170119202446	460,00,28688,49332,-83|460,00,28728,41083,-86|460,00,28728,34314,-88|460,00,28688,46087,-90|460,00,28728,41912,-91
3714	866888020237229	19 2017 1 20:21:18	30 1999 11 00:00:00	114.4189301	30.4597767	0	0	0	15	0	40	460	0	28728	41082	84	19 2017 1 20:21:14	460078027753510	2	f4:83:cd:01:51:1c,-43,ap1|5e:d0:5a:8c:f4:cd,-80,ap2|bc:46:99:04:58:38,-81,ap3|38:21:87:29:5b:70,-82,ap4|80:89:17:56:42:a5,-84,ap5;20170119202114	460,00,28688,49332,-83|460,00,28728,41083,-86|460,00,28728,34314,-87|460,00,28728,41912,-91|460,00,28688,46087,-91
3713	866888020237229	19 2017 1 20:17:44	30 1999 11 00:00:00	114.4189304	30.4597735	0	0	0	15	0	40	460	0	28728	41082	85	19 2017 1 20:17:41	460078027753510	2	f4:83:cd:01:51:1c,-36,ap1|38:21:87:29:5b:70,-82,ap2|bc:46:99:04:58:38,-82,ap3|80:89:17:56:42:a5,-86,ap4;20170119201741	460,00,28688,49332,-83|460,00,28728,41083,-85|460,00,28728,34314,-89|460,00,28688,46087,-90|460,00,28728,41912,-91
3712	866888020237229	19 2017 1 20:14:12	30 1999 11 00:00:00	114.4189304	30.4597748	0	0	0	15	0	40	460	0	28728	41082	84	19 2017 1 20:14:08	460078027753510	2	f4:83:cd:01:51:1c,-37,ap1|5e:d0:5a:8c:f4:cd,-79,ap2|38:21:87:29:5b:70,-82,ap3|bc:46:99:04:58:38,-84,ap4|80:89:17:56:42:a5,-87,ap5;20170119201408	460,00,28688,49332,-83|460,00,28728,41083,-87|460,00,28728,34314,-90|460,00,28688,46087,-91|460,00,28728,41912,-92|460,00,28688,48181,-94
3711	866888020237229	19 2017 1 20:10:39	30 1999 11 00:00:00	114.4189304	30.4597719	0	0	0	15	0	40	460	0	28728	41082	86	19 2017 1 20:10:35	460078027753510	2	f4:83:cd:01:51:1c,-37,ap1|38:21:87:29:5b:70,-79,ap2|5e:d0:5a:8c:f4:cd,-80,ap3|bc:46:99:04:58:38,-85,ap4|80:89:17:56:42:a5,-85,ap5;20170119201035	460,00,28688,49332,-84|460,00,28728,41083,-85|460,00,28728,34314,-89|460,00,28688,46087,-90|460,00,28728,41912,-91|460,00,28688,36582,-94
3710	866888020237229	19 2017 1 20:07:06	30 1999 11 00:00:00	114.4189345	30.4598595	0	0	0	15	0	40	460	0	28728	41082	85	19 2017 1 20:07:02	460078027753510	2	f4:83:cd:01:51:1c,-45,ap1|38:21:87:29:5b:70,-81,ap2|5e:d0:5a:8c:f4:cd,-81,ap3|bc:46:99:04:58:38,-86,ap4|bc:0f:2b:8f:dd:12,-87,ap5;20170119200702	460,00,28688,49332,-83|460,00,28728,41083,-87|460,00,28728,34314,-88|460,00,28688,46087,-91|460,00,28728,41912,-92
3709	866888020237229	19 2017 1 20:03:34	30 1999 11 00:00:00	114.4189304	30.4597732	0	0	0	15	0	40	460	0	28728	41082	85	19 2017 1 20:03:30	460078027753510	2	f4:83:cd:01:51:1c,-38,ap1|5e:d0:5a:8c:f4:cd,-80,ap2|38:21:87:29:5b:70,-81,ap3|bc:46:99:04:58:38,-83,ap4|80:89:17:56:42:a5,-85,ap5;20170119200330	460,00,28688,49332,-83|460,00,28728,41083,-86|460,00,28728,34314,-89|460,00,28688,46087,-92|460,00,28728,41912,-92
3708	866888020237229	19 2017 1 20:00:00	30 1999 11 00:00:00	114.4189396	30.4598085	0	0	0	15	0	41	460	0	28728	41082	85	19 2017 1 19:59:57	460078027753510	2	f4:83:cd:01:51:1c,-35,ap1|38:21:87:29:5b:70,-79,ap2|80:89:17:56:42:a5,-86,ap3|bc:0f:2b:8f:dd:12,-87,ap4|5e:d0:5a:8c:f4:cd,-87,ap5;20170119195957	460,00,28688,49332,-83|460,00,28728,41083,-86|460,00,28728,34314,-88|460,00,28728,41912,-91|460,00,28688,46087,-92
3707	866888020237229	19 2017 1 19:56:28	30 1999 11 00:00:00	114.4189304	30.4597724	0	0	0	15	0	42	460	0	28728	41082	85	19 2017 1 19:56:24	460078027753510	2	f4:83:cd:01:51:1c,-37,ap1|38:21:87:29:5b:70,-79,ap2|bc:46:99:04:58:38,-83,ap3|80:89:17:56:42:a5,-84,ap4|14:b3:70:03:56:60,-86,ap5;20170119195624	460,00,28688,49332,-83|460,00,28728,41083,-86|460,00,28728,34314,-88|460,00,28728,41912,-92|460,00,28688,46087,-92|460,00,28688,48181,-95
3706	866888020237229	19 2017 1 19:52:55	30 1999 11 00:00:00	114.4189304	30.4597751	0	0	0	15	0	43	460	0	28728	41082	85	19 2017 1 19:52:51	460078027753510	2	f4:83:cd:01:51:1c,-38,ap1|38:21:87:29:5b:70,-82,ap2|80:89:17:56:42:a5,-83,ap3|bc:46:99:04:58:38,-88,ap4|14:b3:70:03:56:60,-91,ap5;20170119195251	460,00,28688,49332,-83|460,00,28728,41083,-86|460,00,28728,34314,-89|460,00,28728,41912,-91|460,00,28688,46087,-92
3705	866888020237229	19 2017 1 19:49:22	30 1999 11 00:00:00	114.4189304	30.4597751	0	0	0	15	0	44	460	0	28728	41082	85	19 2017 1 19:49:18	460078027753510	2	f4:83:cd:01:51:1c,-38,ap1|38:21:87:29:5b:70,-80,ap2|bc:46:99:04:58:38,-85,ap3|14:b3:70:03:56:60,-87,ap4|80:89:17:56:42:a5,-88,ap5;20170119194918	460,00,28688,49332,-83|460,00,28728,41083,-86|460,00,28728,34314,-89|460,00,28728,41912,-91|460,00,28688,46087,-93
3704	866888020237229	19 2017 1 19:45:49	30 1999 11 00:00:00	114.4189402	30.4598109	0	0	0	15	0	45	460	0	28728	41082	84	19 2017 1 19:45:46	460078027753510	2	f4:83:cd:01:51:1c,-35,ap1|38:21:87:29:5b:70,-82,ap2|bc:0f:2b:8f:dd:12,-85,ap3|bc:46:99:04:58:38,-86,ap4|80:89:17:56:42:a5,-87,ap5;20170119194546	460,00,28688,49332,-83|460,00,28728,34314,-90|460,00,28728,41912,-92|460,00,28688,46087,-94
3703	866888020237229	19 2017 1 19:42:17	30 1999 11 00:00:00	114.4193167	30.4604156	0	0	0	15	0	46	460	0	28728	41082	85	19 2017 1 19:42:13	460078027753510	2	f4:83:cd:01:51:1c,-45,ap1|38:21:87:29:5b:70,-83,ap2|bc:46:99:04:58:38,-84,ap3;20170119194213	460,00,28688,49332,-83|460,00,28728,41083,-86|460,00,28728,34314,-89|460,00,28728,41912,-91|460,00,28688,46087,-93
3702	866888020237229	19 2017 1 19:38:44	30 1999 11 00:00:00	114.4189483	30.4598646	0	0	0	15	0	47	460	0	28728	41082	85	19 2017 1 19:38:40	460078027753510	2	f4:83:cd:01:51:1c,-38,ap1|38:21:87:29:5b:70,-80,ap2|bc:46:99:04:58:38,-81,ap3|80:89:17:56:42:a5,-87,ap4|80:89:17:65:3f:f2,-90,ap5;20170119193840	460,00,28688,49332,-83|460,00,28728,41083,-86|460,00,28728,41912,-92|460,00,28688,46087,-93
3701	866888020237229	19 2017 1 19:35:11	30 1999 11 00:00:00	114.4189532	30.4598587	0	0	0	15	0	47	460	0	28728	41082	86	19 2017 1 19:35:07	460078027753510	2	f4:83:cd:01:51:1c,-36,ap1|38:21:87:29:5b:70,-81,ap2|bc:46:99:04:58:38,-81,ap3|80:89:17:56:42:a5,-85,ap4|80:89:17:65:3f:f2,-87,ap5;20170119193507	460,00,28688,49332,-84|460,00,28728,41083,-90|460,00,28728,34314,-91|460,00,28728,41912,-93|460,00,28688,46087,-94
3700	866888020237229	19 2017 1 19:31:39	30 1999 11 00:00:00	114.4193167	30.4604156	0	0	0	15	0	47	460	0	28728	41082	82	19 2017 1 19:31:35	460078027753510	2	f4:83:cd:01:51:1c,-37,ap1|38:21:87:29:5b:70,-79,ap2|14:b3:70:03:56:60,-82,ap3|bc:46:99:04:58:38,-84,ap4;20170119193135	460,00,28688,49332,-83|460,00,28728,41083,-87|460,00,28728,34314,-89|460,00,28688,46087,-92|460,00,28728,41912,-93
3699	866888020237229	19 2017 1 19:28:05	30 1999 11 00:00:00	114.4189304	30.459774	0	0	0	15	0	47	460	0	28728	41082	90	19 2017 1 19:28:02	460078027753510	2	f4:83:cd:01:51:1c,-37,ap1|bc:46:99:04:58:38,-81,ap2|38:21:87:29:5b:70,-82,ap3|80:89:17:56:42:a5,-86,ap4;20170119192802	460,00,28688,49332,-83|460,00,28688,46087,-92|460,00,28728,41083,-94|460,00,28688,48181,-95
3697	866888020237229	19 2017 1 19:24:33	30 1999 11 00:00:00	114.4193167	30.4604156	0	0	0	15	0	47	460	0	28728	41082	83	19 2017 1 19:24:29	460078027753510	2	f4:83:cd:01:51:1c,-44,ap1|38:21:87:29:5b:70,-81,ap2|bc:46:99:04:58:38,-83,ap3;20170119192429	460,00,28688,49332,-84|460,00,28728,41083,-86|460,00,28728,34314,-89|460,00,28728,41912,-91|460,00,28688,46087,-93
3696	866888020237229	19 2017 1 19:20:59	30 1999 11 00:00:00	114.4189402	30.4598088	0	0	0	15	0	47	460	0	28728	41082	84	19 2017 1 19:20:56	460078027753510	2	f4:83:cd:01:51:1c,-35,ap1|38:21:87:29:5b:70,-79,ap2|80:89:17:56:42:a5,-83,ap3|bc:0f:2b:8f:dd:12,-84,ap4|bc:46:99:04:58:38,-86,ap5;20170119192056	460,00,28688,49332,-83|460,00,28728,41083,-87|460,00,28728,34314,-88|460,00,28728,41912,-92|460,00,28688,46087,-93
3694	866888020237229	19 2017 1 19:17:27	30 1999 11 00:00:00	114.4189366	30.4599707	0	0	0	15	0	47	460	0	28728	41082	84	19 2017 1 19:17:23	460078027753510	2	f4:83:cd:01:51:1c,-43,ap1|bc:46:99:04:58:38,-78,ap2|38:21:87:29:5b:70,-81,ap3|14:b3:70:03:56:60,-82,ap4|50:bd:5f:42:46:aa,-87,ap5;20170119191723	460,00,28688,49332,-85|460,00,28728,41083,-86|460,00,28728,34314,-90|460,00,28728,41912,-93
3692	866888020237229	19 2017 1 19:13:53	30 1999 11 11:13:51	114.41866155331476	30.461557035845793	0	0	0	16	0	47	460	0	28728	51083	76	19 2017 1 19:13:51	460078027753510	2	;20170119191351	
3690	866888020237229	19 2017 1 19:10:40	30 1999 11 11:10:36	114.41870658855265	30.462489256609175	0	0	0	16	0	47	460	0	28728	51083	59	19 2017 1 19:10:37	460078027753510	2	;20170119191037	
3688	866888020237229	19 2017 1 19:07:26	30 1999 11 11:07:22	114.41602529651743	30.464186833562078	0	0	0	16	0	47	460	0	28688	48181	68	19 2017 1 19:07:22	460078027753510	2	;20170119190722	
3686	866888020237229	19 2017 1 19:03:31	30 1999 11 11:03:22	114.4085726480654	30.465814716329987	0	0	0	16	0	48	460	0	28688	36102	93	19 2017 1 19:03:27	460078027753510	2	;20170119190327	
3684	866888020237229	19 2017 1 18:59:39	30 1999 11 10:59:36	114.4093030302865	30.474643050762097	0	0	0	16	0	48	460	0	28688	46366	77	19 2017 1 18:59:35	460078027753510	2	;20170119185935	
3682	866888020237229	19 2017 1 18:55:58	30 1999 11 00:00:00	114.408747	30.4754088	0	0	0	15	0	48	460	0	28688	46366	97	19 2017 1 18:55:55	460078027753510	2	22:27:1d:06:2f:d8,-90,ap1|12:27:1d:06:2f:d8,-90,ap2|02:27:1d:06:2f:d8,-90,ap3;20170119185555	460,00,28688,46364,-97|460,00,28709,15122,-101|460,00,28688,59839,-104|460,00,28728,44903,-105
3680	866888020237229	19 2017 1 18:52:25	30 1999 11 00:00:00	114.4086312	30.4752848	0	0	0	15	0	48	460	0	28688	46366	88	19 2017 1 18:52:22	460078027753510	2	22:27:1d:06:2f:d8,-83,ap1|00:27:1d:06:2e:79,-85,ap2|12:27:1d:06:2e:79,-87,ap3|02:27:1d:06:2e:79,-87,ap4|02:27:1d:06:2f:d8,-87,ap5;20170119185222	460,00,28688,46365,-92|460,00,28709,15122,-96|460,00,28688,59839,-100|460,00,28688,46364,-101|460,00,28709,5122,-102|460,00,28688,59837,-108
3678	866888020237229	19 2017 1 18:48:53	30 1999 11 00:00:00	114.4086559	30.4753011	0	0	0	15	0	48	460	0	28688	46366	90	19 2017 1 18:48:49	460078027753510	2	22:27:1d:06:2e:79,-84,ap1|02:27:1d:06:2f:d8,-84,ap2|12:27:1d:06:2e:79,-85,ap3|22:27:1d:06:2f:d8,-85,ap4|02:27:1d:06:3a:cb,-87,ap5;20170119184849	460,00,28688,46365,-97|460,00,28709,15122,-105
3676	866888020237229	19 2017 1 18:45:22	30 1999 11 10:45:17	114.40852052936049	30.47561435069056	0	0	0	16	0	48	460	0	28709	54592	86	19 2017 1 18:45:17	460078027753510	2	;20170119184517	
3675	866888020237229	19 2017 1 18:42:10	30 1999 11 10:42:04	114.40964312838909	30.4779409315735	0	0	0	16	0	48	460	0	28709	15122	72	19 2017 1 18:42:03	460078027753510	2	;20170119184203	
3673	866888020237229	19 2017 1 18:38:54	30 1999 11 10:38:51	114.40962632315234	30.480064520902083	0	0	0	16	0	48	460	0	28709	15121	59	19 2017 1 18:38:50	460078027753510	2	;20170119183850	
3671	866888020237229	19 2017 1 18:35:40	30 1999 11 10:35:37	114.41096460374158	30.480997639411534	0	0	0	16	0	48	460	0	28709	15121	78	19 2017 1 18:35:37	460078027753510	2	;20170119183537	
3669	866888020237229	19 2017 1 18:32:30	30 1999 11 10:32:26	114.41084140426376	30.48928400100018	0	0	0	16	0	48	460	0	28709	35126	72	19 2017 1 18:32:26	460078027753510	2	;20170119183226	
3667	866888020237229	19 2017 1 18:29:16	30 1999 11 10:29:13	114.4043315376955	30.490552276776032	0	0	0	16	0	48	460	0	28709	15901	71	19 2017 1 18:29:12	460078027753510	2	;20170119182912	
3665	866888020237229	19 2017 1 18:26:05	30 1999 11 10:26:01	114.40518290677495	30.49795355545269	0	0	0	16	0	48	460	0	28734	59659	62	19 2017 1 18:26:00	460078027753510	2	;20170119182600	
3663	866888020237229	19 2017 1 18:22:52	30 1999 11 10:22:49	114.40529894340796	30.498836830593905	0	0	0	16	0	48	460	0	28734	59659	60	19 2017 1 18:22:48	460078027753510	2	;20170119182248	
3661	866888020237229	19 2017 1 18:19:39	30 1999 11 10:19:34	114.4049463867147	30.502528889737267	0	0	0	16	0	48	460	0	28734	54648	53	19 2017 1 18:19:36	460078027753510	2	;20170119181936	
3659	866888020237229	19 2017 1 18:15:58	30 1999 11 10:15:51	114.3994177155314	30.50499326376853	0	0	0	16	0	48	460	0	28730	45271	69	19 2017 1 18:15:54	460078027753510	2	;20170119181554	
3657	866888020237229	19 2017 1 18:12:44	30 1999 11 10:12:41	114.40059145225558	30.50329014867896	0	0	0	16	0	48	460	0	28730	55272	77	19 2017 1 18:12:40	460078027753510	2	;20170119181240	
3655	866888020237229	19 2017 1 18:09:33	30 1999 11 10:09:29	114.39969357296354	30.50360194249541	0	0	0	16	0	48	460	0	28730	55272	57	19 2017 1 18:09:29	460078027753510	2	;20170119180929	
3654	866888020237229	19 2017 1 18:06:21	30 1999 11 00:00:00	114.399394	30.5029837	0	0	0	15	0	48	460	0	28730	20736	57	19 2017 1 18:06:18	460078027753510	2	6c:19:8f:55:41:d6,-50,ap1|ec:26:ca:d7:46:e2,-55,ap2|8e:26:ca:d7:46:e2,-56,ap3|50:bd:5f:15:b9:dd,-57,ap4|12:27:1d:1a:59:2e,-59,ap5;20170119180618	460,00,28730,45271,-92|460,00,28730,55271,-92|460,00,28720,15545,-95|460,00,28730,45273,-98|460,00,28730,55273,-101|460,00,28730,55272,-102
3652	866888020237229	19 2017 1 13:33:56	30 1999 11 00:00:00	114.3994002	30.5029099	0	0	0	15	0	19	460	0	28730	20736	52	19 2017 1 13:33:53	460078027753510	2	c0:a1:d8:f1:4a:2f,-22,ap1|8e:26:ca:ad:8b:8d,-46,ap2|ec:26:ca:ad:8b:8d,-48,ap3|8e:26:ca:d7:45:bb,-57,ap4|ec:26:ca:d7:45:bb,-59,ap5;20170119133353	460,00,28730,45273,-90|460,00,28730,55272,-91|460,00,28730,55270,-92|460,00,28730,55271,-92|460,00,28730,10404,-93|460,00,28730,45271,-94
3651	866888020237229	19 2017 1 13:20:50	30 1999 11 00:00:00	114.3993994	30.5029077	0	0	0	15	0	14	460	0	28730	63401	89	19 2017 1 13:20:36	460078027753510	2	c0:a1:d8:f1:4a:2f,-19,ap1|8e:26:ca:ad:8b:8d,-42,ap2|ec:26:ca:ad:8b:8d,-46,ap3|8e:26:ca:d7:45:bb,-51,ap4|ec:26:ca:d7:45:bb,-51,ap5;20170119132036	460,00,28730,55272,-90|460,00,28730,10404,-93|460,00,28730,55270,-99
3650	866888020237229	19 2017 1 13:05:57	30 1999 11 05:05:54	114.39910052377488	30.50256941512921	0	0	0	16	0	15	460	0	28730	20736	52	19 2017 1 13:05:53	460078027753510	2	;20170119130553	
3649	866888020237229	19 2017 1 13:01:45	30 1999 11 05:01:39	114.39916553563586	30.50274749310281	0	0	0	16	0	15	460	0	28730	20736	47	19 2017 1 13:01:41	460078027753510	2	;20170119130141	
3648	866888020237229	19 2017 1 12:58:31	30 1999 11 04:58:28	114.39936755061166	30.503064663394092	0	0	0	16	0	15	460	0	28730	20736	47	19 2017 1 12:58:27	460078027753510	2	;20170119125827	
