105591	866888020240835	20 2017 1 09:07:23	20 2017 1 01:07:20	114.39866956999822	30.50287634066852	1	0	0	16	0	100	460	1	7125	51352	63	20 2017 1 09:07:19	460010339803111	2	;20170120090719	
105586	866888020240835	20 2017 1 09:06:13	20 2017 1 01:06:10	114.39924154452738	30.502901567807466	1	128	0	16	0	100	460	1	7125	51352	62	20 2017 1 09:06:09	460010339803111	2	;20170120090609	
105581	866888020240835	20 2017 1 09:05:02	20 2017 1 01:04:56	114.3988175753111	30.50300243670335	1	108	0	16	0	100	460	1	7125	51352	62	20 2017 1 09:04:58	460010339803111	2	;20170120090458	
105577	866888020240835	20 2017 1 09:03:51	20 2017 1 01:03:43	114.39877557013126	30.502923396532196	1	54	0	16	0	100	460	1	7125	51352	64	20 2017 1 09:03:47	460010339803111	2	;20170120090347	
105572	866888020240835	20 2017 1 09:02:40	20 2017 1 01:02:36	114.39984551397151	30.503076837545095	1	-256	0	16	0	100	460	1	7125	51352	63	20 2017 1 09:02:36	460010339803111	2	;20170120090236	
105568	866888020240835	20 2017 1 09:01:29	20 2017 1 01:01:25	114.39949954249887	30.503078715657416	2	74	0	16	0	100	460	1	7125	51352	63	20 2017 1 09:01:26	460010339803111	2	;20170120090126	
105561	866888020240835	20 2017 1 09:00:19	20 2017 1 01:00:16	114.39926654200919	30.502890573786622	0	92	0	16	0	100	460	1	7125	51352	63	20 2017 1 09:00:15	460010339803111	2	;20170120090015	
105554	866888020240835	20 2017 1 08:58:51	20 2017 1 00:58:44	114.40119835552106	30.50315329110963	1	108	0	16	0	100	460	1	7125	51352	63	20 2017 1 08:58:47	460010339803111	2	;20170120085847	
105548	866888020240835	20 2017 1 08:57:41	20 2017 1 00:57:34	114.39948854758673	30.503127726429597	1	78	0	16	0	100	460	1	7125	51352	63	20 2017 1 08:57:37	460010339803111	2	;20170120085737	
105541	866888020240835	20 2017 1 08:56:31	20 2017 1 00:56:28	114.40021048625138	30.50317198991771	0	22	0	16	0	100	460	1	7125	51352	63	20 2017 1 08:56:27	460010339803111	2	;20170120085627	
105532	866888020240835	20 2017 1 08:55:16	20 2017 1 00:55:08	114.40020447065261	30.502985931948498	1	110	0	16	0	100	460	1	7125	51352	67	20 2017 1 08:55:12	460010339803111	2	;20170120085512	
105523	866888020240835	20 2017 1 08:54:07	20 2017 1 00:54:02	114.39968451712404	30.502953744160948	0	138	0	16	0	100	460	1	7125	51352	64	20 2017 1 08:54:02	460010339803111	2	;20170120085402	
105517	866888020240835	20 2017 1 08:52:56	20 2017 1 00:52:50	114.40139634661463	30.503411425358173	0	92	0	16	0	100	460	1	7125	51352	64	20 2017 1 08:52:52	460010339803111	2	;20170120085252	
105510	866888020240835	20 2017 1 08:51:48	20 2017 1 00:51:42	114.39949853026056	30.50293767286987	1	178	0	16	0	100	460	1	7125	51352	64	20 2017 1 08:51:44	460010339803111	2	;20170120085144	
105501	866888020240835	20 2017 1 08:50:37	20 2017 1 00:50:31	114.40086741666188	30.503299236838146	0	-172	0	16	0	100	460	1	7125	51352	64	20 2017 1 08:50:33	460010339803111	2	;20170120085033	
105494	866888020240835	20 2017 1 08:49:26	20 2017 1 00:49:22	114.40008447843687	30.502931875596005	0	68	0	16	0	100	460	1	7125	51352	64	20 2017 1 08:49:22	460010339803111	2	;20170120084922	
105485	866888020240835	20 2017 1 08:48:15	20 2017 1 00:48:13	114.39721154160937	30.502531616123054	1	112	0	16	0	100	460	1	7125	51352	64	20 2017 1 08:48:12	460010339803111	2	;20170120084812	
105478	866888020240835	20 2017 1 08:47:06	20 2017 1 00:47:02	114.39829169935179	30.504244600448853	0	12	0	16	0	100	460	1	7125	51352	64	20 2017 1 08:47:02	460010339803111	2	;20170120084702	
105467	866888020240835	20 2017 1 08:45:33	20 2017 1 00:45:27	114.39806355235454	30.502528988861247	1	88	0	16	0	100	460	1	7125	51352	64	20 2017 1 08:45:29	460010339803111	2	;20170120084529	
105458	866888020240835	20 2017 1 08:44:23	20 2017 1 00:44:18	114.3974624906223	30.501870530944654	1	110	0	16	0	100	460	1	7125	51352	64	20 2017 1 08:44:18	460010339803111	2	;20170120084418	
105450	866888020240835	20 2017 1 08:42:59	20 2017 1 00:42:52	114.3984105485953	30.502545137252504	3	86	0	16	0	100	460	1	7125	51352	63	20 2017 1 08:42:55	460010339803111	2	;20170120084255	
105441	866888020240835	20 2017 1 08:41:48	20 2017 1 00:41:45	114.39884755281466	30.502759375288864	1	114	0	16	0	100	460	1	7125	51352	63	20 2017 1 08:41:44	460010339803111	2	;20170120084144	
105433	866888020240835	20 2017 1 08:40:37	20 2017 1 00:40:30	114.39819357936918	30.502853140625227	1	82	0	16	0	100	460	1	7125	51352	63	20 2017 1 08:40:33	460010339803111	2	;20170120084033	
105426	866888020240835	20 2017 1 08:39:27	20 2017 1 00:39:22	114.4017113057696	30.50356055679877	0	238	0	16	0	100	460	1	7125	51352	63	20 2017 1 08:39:22	460010339803111	2	;20170120083922	
105418	866888020240835	20 2017 1 08:38:15	20 2017 1 00:38:04	114.39872457891816	30.503001399980707	1	238	0	16	0	100	460	1	7125	51352	63	20 2017 1 08:38:11	460010339803111	2	;20170120083811	
105409	866888020240835	20 2017 1 08:37:03	20 2017 1 00:36:59	114.40080943840307	30.503457266748175	0	132	0	16	0	100	460	1	7125	51352	63	20 2017 1 08:37:00	460010339803111	2	;20170120083700	
105404	866888020240835	20 2017 1 08:35:53	20 2017 1 00:35:47	114.39949252834471	30.502910662579417	1	178	0	16	0	100	460	1	7125	51352	63	20 2017 1 08:35:49	460010339803111	2	;20170120083549	
105394	866888020240835	20 2017 1 08:34:39	20 2017 1 00:34:36	114.39632647162988	30.50226611687669	1	80	0	16	0	100	460	1	7125	51352	63	20 2017 1 08:34:36	460010339803111	2	;20170120083436	
105387	866888020240835	20 2017 1 08:33:29	20 2017 1 00:33:26	114.39439317972283	30.501514864751403	1	102	0	16	0	100	460	1	7125	51352	63	20 2017 1 08:33:25	460010339803111	2	;20170120083325	
105380	866888020240835	20 2017 1 08:32:18	20 2017 1 00:32:13	114.39819656221609	30.502657082945852	1	-178	0	16	0	100	460	1	7125	51352	63	20 2017 1 08:32:14	460010339803111	2	;20170120083214	
105371	866888020240835	20 2017 1 08:30:51	20 2017 1 00:30:48	114.39772057230543	30.502761912062905	0	94	0	16	0	100	460	1	7125	51352	64	20 2017 1 08:30:47	460010339803111	2	;20170120083047	
105364	866888020240835	20 2017 1 08:29:38	20 2017 1 00:29:35	114.39733654427565	30.502519669206944	1	58	0	16	0	100	460	1	7125	51352	63	20 2017 1 08:29:34	460010339803111	2	;20170120082934	
105356	866888020240835	20 2017 1 08:28:10	20 2017 1 00:28:05	114.39330796460389	30.50135017330563	-82	252	0	16	0	100	460	1	7125	51352	63	20 2017 1 08:28:06	460010339803111	2	;20170120082806	
105349	866888020240835	20 2017 1 08:26:54	20 2017 1 00:26:51	114.3492482825736	30.489980876126726	69	72	0	16	0	100	460	1	7125	51352	63	20 2017 1 08:26:50	460010339803111	2	;20170120082650	
105339	866888020240835	20 2017 1 08:24:57	20 2017 1 00:24:54	114.39772056191464	30.502642876292704	2	62	0	16	0	100	460	1	7125	51352	63	20 2017 1 08:24:53	460010339803111	2	;20170120082453	
105336	866888020240835	20 2017 1 08:23:41	20 2017 1 00:23:36	114.39828455443276	30.50258309710899	1	-244	0	16	0	100	460	1	7125	51352	63	20 2017 1 08:23:36	460010339803111	2	;20170120082336	
105328	866888020240835	20 2017 1 08:22:28	20 2017 1 00:22:19	114.39785556141048	30.502627930151878	1	56	0	16	0	100	460	1	7125	51352	64	20 2017 1 08:22:24	460010339803111	2	;20170120082224	
105320	866888020240835	20 2017 1 08:21:14	20 2017 1 00:21:11	114.3976655470246	30.50247880302444	1	82	0	16	0	100	460	1	7125	51352	64	20 2017 1 08:21:11	460010339803111	2	;20170120082111	
105314	866888020240835	20 2017 1 08:20:00	20 2017 1 00:19:50	114.39804253711934	30.502352927153797	1	68	0	16	0	100	460	1	7125	51352	64	20 2017 1 08:19:56	460010339803111	2	;20170120081956	
105306	866888020240835	20 2017 1 08:18:49	20 2017 1 00:18:45	114.39901555518539	30.502877475444354	1	200	0	16	0	100	460	1	7125	51352	64	20 2017 1 08:18:45	460010339803111	2	;20170120081845	
105298	866888020240835	20 2017 1 08:17:37	20 2017 1 00:17:34	114.39831656914352	30.502758162863838	0	194	0	16	0	100	460	1	7125	51352	63	20 2017 1 08:17:33	460010339803111	2	;20170120081733	
105292	866888020240835	20 2017 1 08:16:26	20 2017 1 00:16:23	114.39849357386281	30.502858264942027	1	-158	0	16	0	100	460	1	7125	51352	63	20 2017 1 08:16:22	460010339803111	2	;20170120081622	
105286	866888020240835	20 2017 1 08:15:08	20 2017 1 00:15:05	114.39830957259036	30.502796171414605	0	-182	0	16	0	100	460	1	7125	51352	63	20 2017 1 08:15:04	460010339803111	2	;20170120081504	
105282	866888020240835	20 2017 1 08:13:57	20 2017 1 00:13:54	114.39851757818366	30.50291529174999	1	-170	0	16	0	100	460	1	7125	51352	64	20 2017 1 08:13:53	460010339803111	2	;20170120081353	
105278	866888020240835	20 2017 1 08:12:44	20 2017 1 00:12:41	114.39779156305474	30.502649909186914	2	58	0	16	0	100	460	1	7125	51352	64	20 2017 1 08:12:40	460010339803111	2	;20170120081240	
105273	866888020240835	20 2017 1 08:11:33	20 2017 1 00:11:27	114.39739552883903	30.50232563748067	1	224	0	16	0	100	460	1	7125	51352	63	20 2017 1 08:11:29	460010339803111	2	;20170120081129	
105269	866888020240835	20 2017 1 08:10:12	20 2017 1 00:10:09	114.39849858254752	30.502959297337693	1	84	0	16	0	100	460	1	7125	51352	63	20 2017 1 08:10:08	460010339803111	2	;20170120081008	
105265	866888020240835	20 2017 1 08:09:01	20 2017 1 00:08:58	114.39833556852068	30.50275516975387	1	78	0	16	0	100	460	1	7125	51352	63	20 2017 1 08:08:57	460010339803111	2	;20170120080857	
105260	866888020240835	20 2017 1 08:07:50	20 2017 1 00:07:46	114.39783262062225	30.503307124541045	2	-226	0	16	0	100	460	1	7125	51352	63	20 2017 1 08:07:46	460010339803111	2	;20170120080746	
105256	866888020240835	20 2017 1 08:06:35	20 2017 1 00:06:29	114.39867557249433	30.502907352367032	1	74	0	16	0	100	460	1	7125	51352	63	20 2017 1 08:06:31	460010339803111	2	;20170120080631	
