75925	866888020241213	13 2017 1 22:55:25	13 2017 1 14:54:55	114.3994305381374	30.502971658433626	1	248	0	16	0	100	460	1	7125	51351	54	13 2017 1 22:54:57	460010339803112	2	;20170113225457	
75933	866888020241213	13 2017 1 22:56:49	13 2017 1 14:56:05	114.40013848712928	30.50309494276578	1	120	0	16	0	100	460	1	7125	51351	55	13 2017 1 22:56:08	460010339803112	2	;20170113225608	
75936	866888020241213	13 2017 1 22:57:31	13 2017 1 14:57:20	114.39996050085638	30.503048868719834	2	50	0	16	0	100	460	1	7125	51351	55	13 2017 1 22:57:19	460010339803112	2	;20170113225719	
75943	866888020241213	13 2017 1 22:58:34	13 2017 1 14:58:30	114.39971051766989	30.502984762664752	2	32	0	16	0	100	460	1	7125	51351	55	13 2017 1 22:58:30	460010339803112	2	;20170113225830	
75953	866888020241213	13 2017 1 23:00:38	13 2017 1 14:59:36	114.39944853266799	30.502923650541288	3	254	0	16	0	100	460	1	7125	51352	47	13 2017 1 22:59:40	460010339803112	2	;20170113225940	
75955	866888020241213	13 2017 1 23:00:56	13 2017 1 15:00:50	114.399123555152	30.502943536251205	2	-254	0	16	0	100	460	1	7125	51351	55	13 2017 1 23:00:52	460010339803112	2	;20170113230052	
75963	866888020241213	13 2017 1 23:02:07	13 2017 1 15:02:03	114.39958152799258	30.50298371655253	2	56	0	16	0	100	460	1	7125	51351	54	13 2017 1 23:02:03	460010339803112	2	;20170113230203	
75973	866888020241213	13 2017 1 23:04:46	13 2017 1 15:03:15	114.39956753265545	30.50302472387542	1	62	0	16	0	100	460	1	7125	51352	47	13 2017 1 23:03:14	460010339803112	2	;20170113230314	
75975	866888020241213	13 2017 1 23:04:48	13 2017 1 15:04:22	114.3999425149671	30.503190905300983	6	244	0	16	0	100	460	1	7125	51352	47	13 2017 1 23:04:26	460010339803112	2	;20170113230426	
75988	866888020241213	13 2017 1 23:07:37	13 2017 1 15:05:36	114.3995515308254	30.502989707604165	1	76	0	16	0	100	460	1	7125	51351	55	13 2017 1 23:05:37	460010339803112	2	;20170113230537	
75989	866888020241213	13 2017 1 23:07:39	13 2017 1 15:06:49	114.39896055460954	30.50283944297295	0	-232	0	16	0	100	460	1	7125	51352	47	13 2017 1 23:06:48	460010339803112	2	;20170113230648	
75997	866888020241213	13 2017 1 23:08:30	13 2017 1 15:08:00	114.39974351086454	30.502938760432958	1	100	0	16	0	100	460	1	7125	51351	55	13 2017 1 23:07:59	460010339803112	2	;20170113230759	
76003	866888020241213	13 2017 1 23:09:48	13 2017 1 15:09:31	114.39955252647044	30.502940693221444	1	-238	0	16	0	100	460	1	7125	51352	47	13 2017 1 23:09:30	460010339803112	2	;20170113230930	
76013	866888020241213	13 2017 1 23:11:46	13 2017 1 15:10:41	114.39966351430569	30.502901721085493	1	-240	0	16	0	100	460	1	7125	51352	47	13 2017 1 23:10:41	460010339803112	2	;20170113231041	
76015	866888020241213	13 2017 1 23:11:55	13 2017 1 15:11:53	114.39931854609759	30.502975618591368	0	-184	0	16	0	100	460	1	7125	51351	54	13 2017 1 23:11:52	460010339803112	2	;20170113231152	
76028	866888020241213	13 2017 1 23:14:30	13 2017 1 15:13:05	114.39941549797626	30.502499511072415	1	54	0	16	0	100	460	1	7125	51352	47	13 2017 1 23:13:04	460010339803112	2	;20170113231304	
76029	866888020241213	13 2017 1 23:14:32	13 2017 1 15:14:16	114.39901851748476	30.502447347351765	2	-254	0	16	0	100	460	1	7125	51352	47	13 2017 1 23:14:15	460010339803112	2	;20170113231415	
76041	866888020241213	13 2017 1 23:17:19	13 2017 1 15:15:28	114.39874357592589	30.50297539962818	1	-254	0	16	0	100	460	1	7125	51352	47	13 2017 1 23:15:27	460010339803112	2	;20170113231527	
76042	866888020241213	13 2017 1 23:17:21	13 2017 1 15:16:37	114.39967247584836	30.50246959442533	1	212	0	16	0	100	460	1	7125	51352	47	13 2017 1 23:16:40	460010339803112	2	;20170113231640	
76063	866888020241213	13 2017 1 23:21:24	13 2017 1 15:17:52	114.3991065529571	30.50290751900769	1	110	0	16	0	100	460	1	7125	51351	54	13 2017 1 23:17:51	460010339803112	2	;20170113231751	
76064	866888020241213	13 2017 1 23:21:26	13 2017 1 15:18:59	114.39899254002073	30.502690410434244	4	96	0	16	0	100	460	1	7125	51352	47	13 2017 1 23:19:02	460010339803112	2	;20170113231902	
76065	866888020241213	13 2017 1 23:21:26	13 2017 1 15:20:10	114.39915256075014	30.503026572137756	3	110	0	16	0	100	460	1	7125	51352	47	13 2017 1 23:20:13	460010339803112	2	;20170113232013	
76066	866888020241213	13 2017 1 23:21:28	13 2017 1 15:21:22	114.39875254248419	30.502596289206203	3	118	0	16	0	100	460	1	7125	51351	54	13 2017 1 23:21:24	460010339803112	2	;20170113232124	
76075	866888020241213	13 2017 1 23:23:11	13 2017 1 15:22:37	114.39936354634115	30.503012646278528	1	224	0	16	0	100	460	1	7125	51352	47	13 2017 1 23:22:40	460010339803112	2	;20170113232240	
76082	866888020241213	13 2017 1 23:24:38	13 2017 1 15:23:50	114.39915153653288	30.502748488146516	2	98	0	16	0	100	460	1	7125	51351	54	13 2017 1 23:23:51	460010339803112	2	;20170113232351	
76089	866888020241213	13 2017 1 23:26:03	13 2017 1 15:25:01	114.39938254339226	30.502993647525916	2	72	0	16	0	100	460	1	7125	51351	54	13 2017 1 23:25:03	460010339803112	2	;20170113232503	
76097	866888020241213	13 2017 1 23:27:35	13 2017 1 15:26:42	114.39894257643302	30.503079508261976	1	36	0	16	0	100	460	1	7125	51352	47	13 2017 1 23:26:41	460010339803112	2	;20170113232641	
76111	866888020241213	13 2017 1 23:30:23	13 2017 1 15:27:55	114.39894156565308	30.5029554705653	2	46	0	16	0	100	460	1	7125	51351	55	13 2017 1 23:27:55	460010339803112	2	;20170113232755	
76113	866888020241213	13 2017 1 23:30:24	13 2017 1 15:29:14	114.39893058879068	30.50321454428457	1	44	0	16	0	100	460	1	7125	51352	47	13 2017 1 23:29:14	460010339803112	2	;20170113232914	
76115	866888020241213	13 2017 1 23:30:35	13 2017 1 15:30:30	114.39794967446481	30.503922360050584	1	70	0	16	0	100	460	1	7125	51351	54	13 2017 1 23:30:31	460010339803112	2	;20170113233031	
76120	866888020241213	13 2017 1 23:31:56	13 2017 1 15:31:52	114.39632653938665	30.50304235009682	3	74	0	16	0	100	460	1	7125	51351	55	13 2017 1 23:31:52	460010339803112	2	;20170113233152	
76125	866888020241213	13 2017 1 23:33:12	13 2017 1 15:33:05	114.39892571712876	30.504681985146938	2	-250	0	16	0	100	460	1	7125	51351	54	13 2017 1 23:33:04	460010339803112	2	;20170113233304	
76135	866888020241213	13 2017 1 23:35:01	13 2017 1 15:34:14	114.39890770932087	30.504582948257603	2	218	0	16	0	100	460	1	7125	51352	47	13 2017 1 23:34:15	460010339803112	2	;20170113233415	
76141	866888020241213	13 2017 1 23:36:23	13 2017 1 15:35:31	114.39961074376909	30.505481481295355	1	206	0	16	0	100	460	1	7125	51351	54	13 2017 1 23:35:34	460010339803112	2	;20170113233534	
76154	866888020241213	13 2017 1 23:38:31	13 2017 1 15:37:42	114.39977150461621	30.502894757010377	1	-236	0	16	0	100	460	1	7125	51352	47	13 2017 1 23:37:42	460010339803112	2	;20170113233742	
76158	866888020241213	13 2017 1 23:39:13	13 2017 1 15:38:54	114.3980855943684	30.503012143330384	1	96	0	16	0	100	460	1	7125	51351	54	13 2017 1 23:38:53	460010339803112	2	;20170113233853	
76165	866888020241213	13 2017 1 23:40:48	13 2017 1 15:40:05	114.39884556626097	30.50291242052257	1	16	0	16	0	100	460	1	7125	51352	47	13 2017 1 23:40:04	460010339803112	2	;20170113234004	
76168	866888020241213	13 2017 1 23:41:19	13 2017 1 15:41:15	114.39889357199222	30.503002466200243	0	96	0	16	0	100	460	1	7125	51351	54	13 2017 1 23:41:14	460010339803112	2	;20170113234114	
76175	866888020241213	13 2017 1 23:42:45	13 2017 1 15:42:26	114.4000514697051	30.50279382295699	3	78	0	16	0	100	460	1	7125	51351	54	13 2017 1 23:42:25	460010339803112	2	;20170113234225	
76184	866888020241213	13 2017 1 23:44:31	13 2017 1 15:43:37	114.39907056470103	30.503019539080082	1	8	0	16	0	100	460	1	7125	51352	47	13 2017 1 23:43:36	460010339803112	2	;20170113234336	
76187	866888020241213	13 2017 1 23:44:51	13 2017 1 15:44:46	114.39967551140303	30.502879718718088	2	-242	0	16	0	100	460	1	7125	51351	55	13 2017 1 23:44:47	460010339803112	2	;20170113234447	
76193	866888020241213	13 2017 1 23:46:06	13 2017 1 15:45:57	114.3991135613001	30.503007551734793	1	98	0	16	0	100	460	1	7125	51351	54	13 2017 1 23:45:57	460010339803112	2	;20170113234557	
76205	866888020241213	13 2017 1 23:48:14	13 2017 1 15:47:05	114.39904055406679	30.50287948556926	2	74	0	16	0	100	460	1	7125	51351	55	13 2017 1 23:47:07	460010339803112	2	;20170113234707	
76206	866888020241213	13 2017 1 23:48:22	13 2017 1 15:48:17	114.39890456144776	30.502887435853918	1	102	0	16	0	100	460	1	7125	51351	54	13 2017 1 23:48:17	460010339803112	2	;20170113234817	
76212	866888020241213	13 2017 1 23:49:37	13 2017 1 15:49:27	114.39901055727424	30.502898479852842	1	90	0	16	0	100	460	1	7125	51351	55	13 2017 1 23:49:29	460010339803112	2	;20170113234929	
76219	866888020241213	13 2017 1 23:51:17	13 2017 1 15:50:41	114.39936752729731	30.50279758307552	2	80	0	16	0	100	460	1	7125	51352	47	13 2017 1 23:50:40	460010339803112	2	;20170113235040	
76224	866888020241213	13 2017 1 23:52:44	13 2017 1 15:51:58	114.3992605374085	30.502833554417197	0	78	0	16	0	100	460	1	7125	51351	55	13 2017 1 23:51:57	460010339803112	2	;20170113235157	
76234	866888020241213	13 2017 1 23:54:54	13 2017 1 15:53:20	114.39786152754778	30.50223981620345	0	222	0	16	0	100	460	1	7125	51351	55	13 2017 1 23:53:21	460010339803112	2	;20170113235321	
76239	866888020241213	13 2017 1 23:56:17	13 2017 1 15:55:15	114.39929454319869	30.50292459438499	0	-178	0	16	0	100	460	1	7125	51351	55	13 2017 1 23:55:18	460010339803112	2	;20170113235518	
76241	866888020241213	13 2017 1 23:56:36	13 2017 1 15:56:30	114.39536128738317	30.50120730589562	3	64	0	16	0	100	460	1	7125	51351	55	13 2017 1 23:56:32	460010339803112	2	;20170113235632	
76255	866888020241213	13 2017 1 23:58:47	13 2017 1 15:57:44	114.39612540805703	30.50171685247037	3	72	0	16	0	100	460	1	7125	51352	47	13 2017 1 23:57:45	460010339803112	2	;20170113235745	
76258	866888020241213	13 2017 1 23:59:06	13 2017 1 15:59:03	114.39520026156434	30.501134197978025	1	82	0	16	0	100	460	1	7125	51351	54	13 2017 1 23:59:02	460010339803112	2	;20170113235902	
76264	866888020241213	14 2017 1 00:00:27	13 2017 1 16:00:13	114.39659043400621	30.50163205532056	3	-210	0	16	0	100	460	1	7125	51352	47	14 2017 1 00:00:14	460010339803112	2	;20170114000014	
76271	866888020241213	14 2017 1 00:02:03	13 2017 1 16:01:24	114.39670047232197	30.50199721743181	1	104	0	16	0	100	460	1	7125	51352	47	14 2017 1 00:01:28	460010339803112	2	;20170114000128	
76279	866888020241213	14 2017 1 00:03:32	13 2017 1 16:02:56	114.39797154344102	30.50242191781822	1	234	0	16	0	100	460	1	7125	51352	47	14 2017 1 00:02:58	460010339803112	2	;20170114000258	
76292	866888020241213	14 2017 1 00:06:09	13 2017 1 16:04:12	114.39806256807852	30.50270904253151	0	-172	0	16	0	100	460	1	7125	51352	47	14 2017 1 00:04:11	460010339803112	2	;20170114000411	
76293	866888020241213	14 2017 1 00:06:11	13 2017 1 16:05:22	114.39751053759308	30.50239771040605	3	64	0	16	0	100	460	1	7125	51352	47	14 2017 1 00:05:25	460010339803112	2	;20170114000525	
76300	866888020241213	14 2017 1 00:07:32	13 2017 1 16:06:51	114.39392676493789	30.50913490381513	0	22	0	16	0	100	460	1	7125	51351	55	14 2017 1 00:06:51	460010339803112	2	;20170114000651	
76306	866888020241213	14 2017 1 00:08:58	13 2017 1 16:08:07	114.39803355777676	30.5025889942404	1	-242	0	16	0	100	460	1	7125	51351	55	14 2017 1 00:08:07	460010339803112	2	;20170114000807	
76312	866888020241213	14 2017 1 00:10:28	13 2017 1 16:09:23	114.39714151581438	30.50226350362039	0	58	0	16	0	100	460	1	7125	51351	54	14 2017 1 00:09:26	460010339803112	2	;20170114000926	
76313	866888020241213	14 2017 1 00:10:45	13 2017 1 16:10:42	114.39745054249413	30.502467704727348	3	-166	0	16	0	100	460	1	7125	51351	54	14 2017 1 00:10:41	460010339803112	2	;20170114001041	
76320	866888020241213	14 2017 1 00:11:58	13 2017 1 16:11:50	114.39954153507844	30.503029716047145	1	200	0	16	0	100	460	1	7125	51351	54	14 2017 1 00:11:54	460010339803112	2	;20170114001154	
76336	866888020241213	14 2017 1 00:15:07	13 2017 1 16:13:05	114.39936154158602	30.502956628695735	1	-194	0	16	0	100	460	1	7125	51351	55	14 2017 1 00:13:05	460010339803112	2	;20170114001305	
76337	866888020241213	14 2017 1 00:15:09	13 2017 1 16:14:14	114.3978185824919	30.502870987284556	0	228	0	16	0	100	460	1	7125	51352	47	14 2017 1 00:14:17	460010339803112	2	;20170114001417	
76345	866888020241213	14 2017 1 00:16:49	13 2017 1 16:15:27	114.39914154566289	30.502846513853722	2	106	0	16	0	100	460	1	7125	51351	54	14 2017 1 00:15:29	460010339803112	2	;20170114001529	
76348	866888020241213	14 2017 1 00:17:00	13 2017 1 16:16:38	114.39794557737046	30.502810023355693	2	132	0	16	0	100	460	1	7125	51352	47	14 2017 1 00:16:40	460010339803112	2	;20170114001640	
76358	866888020241213	14 2017 1 00:19:22	13 2017 1 16:17:52	114.3988585794919	30.503070473108792	2	102	0	16	0	100	460	1	7125	51352	47	14 2017 1 00:17:51	460010339803112	2	;20170114001751	
76359	866888020241213	14 2017 1 00:19:23	13 2017 1 16:19:03	114.39818960806086	30.503181237659014	1	-166	0	16	0	100	460	1	7125	51352	47	14 2017 1 00:19:02	460010339803112	2	;20170114001902	
76367	866888020241213	14 2017 1 00:21:04	13 2017 1 16:20:15	114.39765562453192	30.503368066068663	2	-156	0	16	0	100	460	1	7125	51352	47	14 2017 1 00:20:14	460010339803112	2	;20170114002014	
76376	866888020241213	14 2017 1 00:23:22	13 2017 1 16:21:24	114.39910654920236	30.502864506074424	1	-186	0	16	0	100	460	1	7125	51351	54	14 2017 1 00:21:25	460010339803112	2	;20170114002125	
76377	866888020241213	14 2017 1 00:23:22	13 2017 1 16:22:36	114.39918955675486	30.503005579692818	1	8	0	16	0	100	460	1	7125	51352	47	14 2017 1 00:22:35	460010339803112	2	;20170114002235	
76383	866888020241213	14 2017 1 00:24:48	13 2017 1 16:23:42	114.39893756645468	30.50296247113274	5	116	0	16	0	100	460	1	7125	51351	54	14 2017 1 00:23:46	460010339803112	2	;20170114002346	
76387	866888020241213	14 2017 1 00:25:01	13 2017 1 16:24:58	114.39921055253065	30.50297157731209	1	-224	0	16	0	100	460	1	7125	51351	54	14 2017 1 00:24:57	460010339803112	2	;20170114002457	
76401	866888020241213	14 2017 1 00:28:40	13 2017 1 16:26:03	114.39889457552685	30.503043478924067	1	138	0	16	0	100	460	1	7125	51352	47	14 2017 1 00:26:06	460010339803112	2	;20170114002606	
76402	866888020241213	14 2017 1 00:28:42	13 2017 1 16:27:19	114.39946453518661	30.50296566898509	3	76	0	16	0	100	460	1	7125	51352	47	14 2017 1 00:27:21	460010339803112	2	;20170114002721	
76403	866888020241213	14 2017 1 00:28:43	13 2017 1 16:28:31	114.39957652410166	30.502934700021385	1	36	0	16	0	100	460	1	7125	51352	47	14 2017 1 00:28:32	460010339803112	2	;20170114002832	
76412	866888020241213	14 2017 1 00:31:03	13 2017 1 16:29:43	114.39922055244952	30.502977582848434	3	102	0	16	0	100	460	1	7125	51352	47	14 2017 1 00:29:44	460010339803112	2	;20170114002944	
76413	866888020241213	14 2017 1 00:31:05	13 2017 1 16:30:52	114.39932253579414	30.50286058547366	6	104	0	16	0	100	460	1	7125	51352	47	14 2017 1 00:30:56	460010339803112	2	;20170114003056	
76420	866888020241213	14 2017 1 00:32:27	13 2017 1 16:32:24	114.39740558618317	30.50297983851714	1	46	0	16	0	100	460	1	7125	51351	55	14 2017 1 00:32:23	460010339803112	2	;20170114003223	
76438	866888020241213	14 2017 1 00:36:58	13 2017 1 16:33:42	114.39752164921555	30.503674099262014	1	-240	0	16	0	100	460	1	7125	51352	47	14 2017 1 00:33:48	460010339803112	2	;20170114003348	
