3510	866888020237294	18 2017 1 07:53:27	17 2017 1 23:53:21	114.41005190631762	30.489555167520418	26	-228	0	16	0	62	460	0	28709	35125	86	18 2017 1 07:53:21	460077171327454	2	;20170118075321	
3509	866888020237229	18 2017 1 07:53:23	30 1999 11 23:53:17	114.41047264651448	30.48945509498114	0	0	0	16	0	70	460	0	28709	35125	84	18 2017 1 07:53:19	460078027753510	2	;20170118075319	
3508	866888020237294	18 2017 1 07:50:10	17 2017 1 23:50:05	114.4100512394886	30.481908999047047	6	36	0	16	0	62	460	0	28709	15121	75	18 2017 1 07:50:06	460077171327454	2	;20170118075006	
3507	866888020237229	18 2017 1 07:49:59	30 1999 11 23:49:50	114.41031208182935	30.48187396302504	0	0	0	16	0	71	460	0	28709	15121	71	18 2017 1 07:49:55	460078027753510	2	;20170118074955	
3506	866888020237294	18 2017 1 07:46:55	17 2017 1 23:46:52	114.42041609513502	30.477739453680705	1	180	0	16	0	62	460	0	28728	5481	57	18 2017 1 07:46:51	460077171327454	2	;20170118074651	
3505	866888020237229	18 2017 1 07:46:43	30 1999 11 23:46:40	114.42095951996004	30.478146254690802	0	0	0	16	0	71	460	0	28728	5481	58	18 2017 1 07:46:39	460078027753510	2	;20170118074639	
3504	866888020237294	18 2017 1 07:43:45	17 2017 1 23:43:36	114.42035502814716	30.476195063200848	29	4	0	16	0	63	460	0	28728	5483	55	18 2017 1 07:43:40	460077171327454	2	;20170118074340	
3503	866888020237229	18 2017 1 07:43:32	30 1999 11 23:43:26	114.4201351860733	30.475229920554092	0	0	0	16	0	71	460	0	28728	54902	81	18 2017 1 07:43:28	460078027753510	2	;20170118074328	
3502	866888020237294	18 2017 1 07:40:26	17 2017 1 23:40:22	114.42044172764238	30.46237932148273	37	0	0	16	0	65	460	0	28728	51081	78	18 2017 1 07:40:22	460077171327454	2	;20170118074022	
3501	866888020237229	18 2017 1 07:40:15	30 1999 11 23:40:10	114.42069334028372	30.461160862086338	0	0	0	16	0	72	460	0	28728	58056	92	18 2017 1 07:40:10	460078027753510	2	;20170118074010	
3500	866888020237294	18 2017 1 07:37:14	17 2017 1 23:37:08	114.41816813231334	30.46249351134303	14	52	0	16	0	67	460	0	28728	51083	72	18 2017 1 07:37:09	460077171327454	2	;20170118073709	
3499	866888020237229	18 2017 1 07:36:54	30 1999 11 23:36:47	114.41888832797272	30.461641947618784	0	0	0	16	0	72	460	0	28728	51082	93	18 2017 1 07:36:50	460078027753510	2	;20170118073650	
3498	866888020237229	18 2017 1 07:33:34	30 1999 11 23:33:31	114.41992716277336	30.46088921748614	0	0	0	16	0	74	460	0	28728	41082	77	18 2017 1 07:33:30	460078027753510	2	;20170118073330	
3497	866888020237294	18 2017 1 07:32:13	30 1999 11 00:00:00	114.4165066	30.4584804	0	0	0	240	0	69	460	0	28728	41082	88	18 2017 1 07:32:08	460077171327454	2	;20170118073208	460,00,28728,41083,-97|460,00,28728,34314,-99|460,00,28728,41913,-105|460,00,28728,51082,-105|460,00,28688,46087,-107
3496	866888020237229	18 2017 1 07:29:38	30 1999 11 00:00:00	114.4189841	30.459726	0	0	0	15	0	75	460	0	28728	41082	89	18 2017 1 07:29:33	460078027753510	2	f4:83:cd:01:51:1c,-33,ap1|bc:0f:2b:8f:dd:12,-80,ap2|bc:46:99:04:58:38,-83,ap3|5c:63:bf:c9:c1:ca,-84,ap4|80:89:17:65:3f:f2,-85,ap5;20170118072933	460,00,28688,49332,-90|460,00,28728,41083,-91|460,00,28728,34314,-91|460,00,28688,46087,-99|460,00,28688,42803,-101|460,00,28728,41912,-101
3495	866888020237229	18 2017 1 07:26:05	30 1999 11 00:00:00	114.4189307	30.4597724	0	0	0	15	0	77	460	0	28728	41082	90	18 2017 1 07:26:01	460078027753510	2	f4:83:cd:01:51:1c,-31,ap1|38:21:87:29:5b:70,-83,ap2|bc:46:99:04:58:38,-85,ap3|5c:63:bf:c9:c1:ca,-86,ap4|80:89:17:56:42:a5,-87,ap5;20170118072601	460,00,28688,49332,-90|460,00,28728,41083,-92|460,00,28728,34314,-93|460,00,28688,46087,-99|460,00,28688,48181,-101|460,00,28688,42803,-101
3494	866888020237229	17 2017 1 19:13:42	30 1999 11 00:00:00	114.4189347	30.4598617	0	0	0	15	0	89	460	0	28728	41082	91	17 2017 1 19:13:38	460078027753510	2	f4:83:cd:01:51:1c,-31,ap1|38:21:87:29:5b:70,-83,ap2|bc:46:99:04:58:38,-83,ap3|bc:0f:2b:8f:dd:12,-84,ap4|5c:63:bf:c9:c1:ca,-89,ap5;20170117191338	460,00,28728,34314,-90|460,00,28688,49332,-91|460,00,28728,41083,-91|460,00,28688,46087,-98|460,00,28728,41913,-100
3493	866888020237229	17 2017 1 19:10:10	30 1999 11 00:00:00	114.4189345	30.4598606	0	0	0	15	0	90	460	0	28728	41082	91	17 2017 1 19:10:05	460078027753510	2	f4:83:cd:01:51:1c,-30,ap1|38:21:87:29:5b:70,-78,ap2|bc:0f:2b:8f:dd:12,-83,ap3|bc:46:99:04:58:38,-83,ap4|5c:63:bf:c9:c1:ca,-87,ap5;20170117191005	460,00,28688,49332,-92|460,00,28728,41083,-94|460,00,28983,34124,-97|460,00,28688,46087,-99
3492	866888020237294	17 2017 1 19:08:00	30 1999 11 00:00:00	114.4192391	30.4604354	0	0	0	15	0	85	460	0	28728	41082	85	17 2017 1 19:07:56	460077171327454	2	f4:83:cd:01:51:1c,-51,ap1|bc:46:99:04:58:38,-83,ap2|bc:0f:2b:8f:dd:12,-92,ap3;20170117190756	460,00,28728,34314,-85|460,00,28688,49332,-90|460,00,28688,46087,-90|460,00,28728,41083,-91|460,00,28688,36582,-92
3491	866888020237229	17 2017 1 19:06:36	30 1999 11 00:00:00	114.418935	30.4598619	0	0	0	15	0	91	460	0	28728	41082	89	17 2017 1 19:06:33	460078027753510	2	f4:83:cd:01:51:1c,-29,ap1|38:21:87:29:5b:70,-79,ap2|bc:0f:2b:8f:dd:12,-79,ap3|bc:46:99:04:58:38,-85,ap4|5c:63:bf:c9:c1:ca,-86,ap5;20170117190633	460,00,28688,49332,-90|460,00,28728,34314,-90|460,00,28728,41083,-91|460,00,28688,46087,-96
